881.79
794.07
-1.01
858.51
820.43
-0.90
826.96
827.75
-0.90
792.20
831.53
-0.90
778.95
802.00
-0.90
799.74
773.46
-0.90
832.81
764.45
-0.90
865.89
763.87
-0.90
938.71
764.42
123.29
876.88
837.49
124.72
785.80
844.61
124.64
687.70
853.71
124.65
656.25
780.66
124.65
725.02
726.90
124.65
815.99
715.97
124.64
902.23
691.47
124.72
993.18
783.76
218.66
945.03
929.40
216.98
797.76
956.21
217.06
666.22
891.29
217.06
578.87
765.91
217.06
675.01
708.26
217.06
798.43
649.96
217.06
944.83
639.55
216.98
1004.04
713.91
354.06
939.92
867.72
354.33
796.13
858.83
354.31
663.20
811.95
354.31
543.17
732.63
354.31
626.79
596.46
354.31
800.52
566.59
354.31
966.74
551.22
354.33
1043.74
597.37
495.67
942.75
730.19
494.76
788.73
761.00
494.79
631.22
751.11
494.79
574.74
639.15
494.79
679.72
532.73
494.79
826.76
468.41
494.79
981.68
468.21
494.76
1183.76
610.94
632.31
1031.02
709.29
631.61
840.83
769.46
631.64
641.61
770.77
631.64
562.07
610.62
631.64
677.89
438.83
631.64
876.84
431.95
631.64
1064.94
445.88
631.61
1249.94
631.63
774.63
1070.96
787.88
775.25
857.06
804.82
775.22
626.05
848.62
775.22
518.66
658.05
775.22
638.77
473.16
775.22
871.94
435.45
775.22
1089.99
453.22
775.25
1283.81
647.55
891.56
1128.99
798.23
890.03
906.96
841.29
890.10
723.93
766.40
890.09
571.36
668.82
890.09
728.71
527.07
890.09
934.09
501.86
890.10
1158.00
481.21
890.03
1201.04
804.42
1004.69
1109.48
852.60
1006.06
878.49
885.34
999.57
719.92
913.18
1011.47
723.54
807.36
1013.01
829.31
666.99
1015.44
1029.45
626.74
1008.97
1134.38
670.35
1008.95
944.40
792.24
-1.01
882.66
858.54
-0.90
797.30
882.55
-0.90
710.30
869.07
-0.90
686.53
789.25
-0.90
724.73
724.19
-0.90
805.38
719.30
-0.90
887.51
728.14
-0.90
1012.78
751.78
123.29
925.24
896.71
124.72
773.15
939.41
124.64
618.95
900.28
124.65
550.69
765.13
124.65
644.30
660.02
124.65
790.17
591.98
124.64
945.31
602.22
124.72
1051.96
769.59
218.66
985.24
950.94
216.98
790.25
996.01
217.06
610.88
922.36
217.06
521.38
752.74
217.06
615.16
613.67
217.06
804.15
560.70
217.06
996.62
583.99
216.98
1067.07
699.92
354.06
1021.34
905.90
354.33
806.02
971.51
354.31
605.81
883.95
354.31
489.42
696.58
354.31
615.28
528.28
354.31
816.37
475.38
354.31
1027.50
488.02
354.33
1154.30
606.54
495.67
989.69
765.06
494.76
797.20
830.13
494.79
590.41
809.47
494.79
498.91
644.56
494.79
636.28
474.01
494.79
833.27
403.50
494.79
1046.13
426.51
494.76
1247.58
602.11
632.31
1079.07
770.81
631.61
836.24
823.41
631.64
600.63
823.39
631.64
491.78
616.38
631.64
628.03
410.92
631.64
860.04
345.63
631.64
1095.51
391.72
631.61
1296.44
640.52
774.63
1102.65
840.28
775.25
839.11
866.53
775.22
580.78
891.17
775.22
458.25
652.66
775.22
603.64
419.00
775.22
875.15
354.68
775.22
1134.63
418.96
775.25
1335.93
654.43
891.56
1144.70
866.17
890.03
889.14
918.94
890.10
657.48
886.48
890.09
511.65
671.89
890.09
641.34
451.60
890.09
901.16
387.51
890.10
1171.01
430.89
890.03
1287.70
726.09
1009.28
1135.82
906.54
1008.95
855.16
961.36
1008.97
551.78
969.96
1008.97
588.13
770.41
1008.97
652.78
514.11
1008.97
894.13
473.44
1008.97
1150.66
480.41
1008.95
