915.89
704.95
-337.09
880.21
865.38
-337.09
773.15
918.63
-337.09
647.78
929.69
-337.09
578.52
873.97
-337.09
611.06
739.58
-337.09
730.56
603.96
-337.09
851.26
568.50
-337.09
1027.46
789.82
-37.29
956.97
1025.43
-28.55
839.03
1076.78
-22.36
717.93
1092.24
-22.29
608.56
1064.90
-30.01
601.32
930.73
-30.20
725.74
757.73
-31.08
864.92
685.92
-37.29
1143.51
775.73
302.41
1116.35
880.57
280.96
1003.94
899.73
237.09
890.68
894.00
195.71
802.33
872.50
170.39
790.95
796.60
170.20
891.88
703.31
219.91
1022.29
694.83
277.34
1147.47
711.97
732.77
1111.74
824.18
592.71
982.85
833.63
402.24
835.11
809.79
292.06
762.33
756.19
242.46
793.39
635.41
263.84
913.21
545.74
407.55
1010.52
585.64
611.81
905.52
556.26
940.49
998.84
834.66
709.45
849.31
798.65
411.48
684.68
782.44
229.32
629.00
688.93
155.46
690.84
534.93
201.49
774.02
491.34
430.22
845.29
495.21
748.55
693.13
608.04
833.79
851.87
879.22
643.82
735.49
845.39
381.75
573.41
826.05
191.29
500.68
731.89
98.61
503.54
553.48
146.10
523.99
528.34
381.43
602.98
554.76
679.99
706.19
902.67
645.75
830.30
1015.53
579.84
755.27
1036.79
428.73
594.83
1017.81
285.20
436.64
986.08
198.44
317.67
933.25
218.62
283.73
861.10
381.54
403.37
856.73
564.55
820.28
1059.80
740.03
900.48
1150.20
702.73
765.50
1183.85
663.90
569.39
1221.85
631.87
403.71
1237.39
581.19
302.45
1182.85
578.11
323.09
1053.97
634.03
494.71
1012.31
709.46
1191.65
858.32
1007.72
1140.46
925.83
1015.17
867.56
902.16
1009.93
549.25
1004.39
1009.93
345.10
1135.44
1003.68
332.17
976.13
1009.89
625.90
811.81
1001.33
931.17
778.43
999.71
981.50
707.61
-342.24
915.89
969.27
-338.74
784.34
992.35
-337.69
598.90
1014.50
-337.09
487.32
921.06
-337.09
528.31
716.18
-337.09
710.98
538.72
-337.09
900.48
513.47
-337.09
1092.93
769.65
-24.21
1013.48
1158.44
-29.09
824.20
1196.52
-22.18
632.88
1207.61
-26.98
506.61
1096.53
-31.49
534.99
807.85
-35.75
742.97
587.99
-27.41
937.56
525.47
-30.53
1232.56
760.41
321.53
1108.82
1006.01
304.18
932.88
1012.39
263.53
800.57
945.17
231.65
600.88
861.25
137.48
676.01
683.30
137.61
869.85
559.26
183.23
1042.26
512.90
291.93
1208.05
695.61
843.15
1085.20
1013.05
627.01
910.04
989.48
394.93
792.11
863.61
278.25
675.41
657.05
157.99
742.66
588.78
165.71
939.93
485.98
360.45
1067.87
441.84
650.19
976.71
509.06
1063.30
1015.21
951.89
719.68
811.30
1041.45
406.48
568.09
803.38
146.98
532.27
592.83
61.31
713.06
457.00
114.23
808.44
389.80
430.30
863.07
341.39
830.96
674.33
560.05
944.81
906.03
980.06
658.67
751.66
1091.12
377.42
493.56
904.75
118.21
372.62
696.83
20.09
479.15
420.31
81.90
520.70
374.53
393.52
618.69
372.57
752.88
665.04
814.27
710.78
883.28
1126.97
590.17
709.58
1200.22
425.47
558.75
1135.50
248.60
362.82
1036.65
151.61
250.57
897.80
171.81
225.45
777.22
385.74
299.46
663.80
600.75
859.10
976.64
758.74
949.28
1227.96
702.81
747.41
1259.77
665.96
492.60
1376.00
619.27
282.17
1388.81
547.37
224.93
1154.08
581.50
227.64
881.91
621.70
393.11
827.37
708.09
1369.41
909.90
1009.93
1204.44
1046.06
1009.93
855.16
961.36
1008.97
530.42
1120.19
1027.39
237.81
1342.16
1009.93
193.95
954.04
1009.93
647.06
740.24
1009.93
1031.99
713.95
1009.93
