968.81
630.15
-248.53
933.93
842.60
-248.53
847.99
969.21
-248.53
720.21
989.28
-248.53
629.71
877.33
-248.53
631.73
677.18
-248.53
759.61
494.86
-248.53
898.68
477.90
-248.53
1181.77
867.26
91.08
1131.45
1085.17
97.04
1004.81
1163.45
97.45
860.51
1190.28
95.51
734.26
1118.37
87.05
731.26
945.19
85.45
891.30
765.08
85.34
1043.28
729.41
83.78
1310.45
815.69
458.69
1268.67
930.59
451.15
1141.18
935.95
399.19
1015.47
906.53
342.31
925.55
874.27
302.59
922.65
809.61
295.27
1059.84
697.32
344.63
1202.13
693.02
410.06
1251.51
664.43
829.63
1191.53
802.99
751.72
1064.89
821.06
577.76
957.23
799.39
440.04
905.49
744.29
359.16
937.40
639.33
349.43
1051.17
503.50
489.11
1125.59
512.78
690.21
933.62
434.58
953.21
995.45
695.52
825.04
898.62
756.00
570.09
805.74
762.72
374.42
766.63
687.58
256.78
835.28
496.85
241.73
862.06
396.52
456.05
880.11
356.77
749.22
597.30
456.50
767.16
744.09
717.36
684.12
747.39
785.53
478.40
666.92
789.92
292.82
611.61
698.93
153.28
610.66
407.22
127.45
569.80
323.87
323.80
601.43
372.08
589.79
556.34
731.45
580.33
701.59
865.05
572.04
721.77
933.56
476.21
632.83
926.92
353.20
484.73
932.98
248.37
335.48
878.65
208.45
250.67
722.18
302.90
343.03
704.09
471.76
629.46
919.15
706.23
743.97
1051.29
694.68
681.87
1127.48
676.02
538.61
1169.75
648.09
388.76
1153.96
602.46
266.70
1050.67
569.46
245.05
876.52
588.12
383.95
843.37
668.67
1116.95
859.09
1008.34
1074.78
924.98
1012.07
848.63
923.81
1009.45
587.16
1022.93
1009.45
396.05
1080.72
1006.32
356.13
862.91
1009.43
644.06
736.76
1005.15
904.33
771.34
1004.34
1054.53
619.72
-251.10
981.40
894.34
-249.35
864.89
1009.57
-248.83
667.79
1037.81
-248.53
533.59
909.74
-248.53
541.73
668.84
-248.53
745.41
450.26
-248.53
961.86
432.34
-248.53
1267.19
844.11
99.32
1206.26
1186.75
98.57
1012.35
1281.88
98.25
798.16
1322.89
94.23
629.35
1181.26
85.53
644.76
878.84
81.47
892.42
635.72
85.51
1105.58
598.80
85.31
1404.69
813.87
487.58
1300.72
1027.25
483.88
1109.64
1018.61
420.72
947.61
933.36
355.04
785.29
858.12
270.38
818.10
751.08
259.89
1040.89
599.98
315.30
1240.66
569.71
420.01
1326.39
654.20
938.31
1192.67
931.01
818.83
1021.10
931.60
589.04
917.78
851.22
414.67
836.03
700.85
276.68
889.35
613.40
248.10
1072.11
427.37
441.90
1163.35
394.55
727.32
977.28
359.29
1091.70
1018.75
762.34
901.05
878.09
926.05
585.09
743.78
822.47
308.47
698.47
690.55
153.24
861.92
457.15
122.15
879.81
317.80
426.26
879.47
214.84
815.43
567.88
379.48
876.10
774.72
770.14
729.71
801.25
952.22
510.11
648.22
886.13
244.75
524.43
760.21
65.82
562.56
302.16
24.27
532.46
180.11
298.98
597.59
204.51
637.38
514.18
647.52
638.68
741.35
934.38
612.11
738.34
1052.30
501.45
645.72
1000.30
344.00
453.54
1006.06
208.58
279.11
906.12
148.34
174.11
652.31
270.47
254.54
571.59
482.11
650.55
843.42
722.23
809.10
1101.42
701.93
716.55
1207.16
686.53
522.63
1297.28
648.20
325.03
1263.58
585.70
199.74
1035.16
558.38
147.46
741.59
563.24
303.87
695.95
671.36
1280.44
884.07
1009.45
1162.05
999.68
1009.45
855.16
961.36
1008.97
550.11
1115.04
1018.18
279.81
1223.62
1009.45
206.05
820.22
1009.45
648.64
660.32
1009.45
988.77
718.85
1009.45
