880.60
754.81
-336.14
844.39
880.57
-336.14
723.26
884.92
-336.14
599.50
889.96
-336.14
544.39
871.72
-336.14
597.27
781.18
-336.14
711.19
676.69
-336.14
819.64
628.91
-336.14
924.59
738.20
-122.88
840.65
985.60
-112.28
728.51
1019.00
-102.22
622.87
1026.87
-100.82
524.76
1029.25
-108.06
514.69
921.10
-107.30
615.37
752.83
-108.70
746.01
656.93
-118.00
1032.21
749.10
198.22
1014.80
847.23
167.50
912.44
875.59
129.03
807.49
885.64
97.98
720.19
871.32
82.25
703.15
787.93
86.83
779.90
707.30
136.77
902.39
696.04
188.86
1078.11
743.66
668.19
1058.55
838.30
486.71
928.16
842.00
285.24
753.69
816.73
193.40
666.88
764.13
164.65
697.39
632.81
206.78
821.24
573.91
353.18
933.80
634.21
559.55
886.78
637.38
932.01
1001.10
927.42
632.39
816.43
827.08
305.74
603.97
795.58
132.59
537.24
689.83
87.91
594.55
560.31
174.66
715.32
554.56
413.00
822.07
587.51
748.10
757.01
709.06
878.22
923.72
987.12
616.95
727.56
885.30
317.31
511.07
850.14
123.60
426.73
753.85
62.17
432.13
650.98
158.53
493.46
664.65
419.84
604.00
676.55
740.12
806.10
1016.82
689.37
916.10
1115.85
585.05
777.61
1105.61
397.07
569.50
1078.41
239.86
404.58
1021.48
165.16
305.81
969.65
225.41
305.77
953.71
433.96
443.59
958.49
626.41
947.49
1153.56
762.56
1004.83
1216.15
708.09
821.25
1221.43
655.82
589.91
1256.59
621.06
413.68
1293.01
567.02
326.28
1270.97
583.88
375.13
1172.27
664.64
568.55
1124.93
736.66
1241.45
857.80
1007.30
1184.25
926.39
1017.24
880.18
887.72
1010.24
523.98
992.02
1010.24
311.13
1171.92
1001.92
316.19
1051.61
1010.20
613.79
861.84
998.78
949.06
783.15
996.63
932.81
766.20
-343.00
872.21
1019.23
-338.33
730.64
980.87
-336.94
552.97
998.97
-336.14
456.48
928.60
-336.14
519.37
747.74
-336.14
688.03
597.70
-336.14
859.56
567.55
-336.14
976.75
720.01
-106.56
884.97
1139.57
-114.20
698.76
1139.62
-102.46
522.69
1130.76
-107.79
424.78
1040.04
-109.51
461.81
760.52
-113.90
643.34
556.17
-102.69
825.54
476.59
-107.76
1117.81
724.76
210.83
980.89
991.85
184.39
815.04
1008.24
158.73
702.54
953.03
149.39
477.94
863.34
48.89
581.29
638.12
56.08
755.81
532.12
95.19
909.99
475.03
206.54
1129.16
723.21
779.72
1013.55
1067.74
499.12
836.00
1028.07
265.52
708.33
871.87
187.30
568.33
627.86
78.86
644.87
572.38
110.78
851.81
525.05
306.16
1004.21
473.36
598.77
976.32
608.90
1044.36
1012.84
1078.25
598.77
766.77
1118.39
287.40
450.96
790.65
39.32
421.47
527.69
0.03
613.81
456.90
108.95
760.86
437.79
433.00
852.13
425.76
841.32
745.30
680.43
990.61
993.58
1120.01
611.30
718.59
1183.72
288.95
390.45
917.16
33.85
271.41
654.58
-10.40
423.54
499.08
120.32
512.85
504.14
456.55
632.76
484.61
829.88
765.61
925.43
758.85
977.91
1255.36
575.54
690.40
1298.84
374.82
500.78
1225.64
185.00
302.35
1057.04
113.62
231.54
892.25
187.45
259.68
860.49
462.58
329.41
725.27
679.84
998.12
1065.45
783.09
1042.74
1312.33
703.40
767.98
1294.84
652.25
472.58
1428.48
599.98
253.60
1472.29
521.81
241.72
1233.36
596.92
281.09
975.46
660.67
452.61
914.99
732.58
1428.73
927.13
1010.24
1232.71
1076.98
1010.24
855.16
961.36
1008.97
517.30
1123.63
1033.53
209.80
1421.18
1010.24
185.88
1043.26
1010.24
646.01
793.52
1010.24
1060.80
710.68
1010.24
