898.24
729.88
-366.61
862.30
872.97
-366.61
748.21
901.78
-366.61
623.64
909.83
-366.61
561.45
872.84
-366.61
604.17
760.38
-366.61
720.87
640.32
-366.61
835.45
598.71
-366.61
976.03
764.01
-80.08
898.81
1005.52
-70.41
783.77
1047.89
-62.29
670.40
1059.55
-61.55
566.66
1047.08
-69.03
558.01
925.91
-68.75
670.55
755.28
-69.89
805.47
671.43
-77.65
1087.86
762.41
250.32
1065.58
863.90
224.23
958.19
887.66
183.06
849.08
889.82
146.84
761.26
871.91
126.32
747.05
792.27
128.52
835.89
705.30
178.34
962.34
695.43
233.10
1112.79
727.82
700.48
1085.15
831.24
539.71
955.51
837.81
343.74
794.40
813.26
242.73
714.60
760.16
203.56
745.39
634.11
235.31
867.23
559.83
380.36
972.16
609.92
585.68
896.15
596.82
936.25
999.97
881.04
670.92
832.87
812.86
358.61
644.33
789.01
180.96
583.12
689.38
121.69
642.70
547.62
188.08
744.67
522.95
421.61
833.68
541.36
748.32
725.07
658.55
856.01
887.79
933.17
630.38
731.53
865.35
349.53
542.24
838.09
157.44
463.70
742.87
80.39
467.83
602.23
152.31
508.73
596.49
400.64
603.49
615.66
710.05
756.14
959.75
667.56
873.20
1065.69
582.45
766.44
1071.20
412.90
582.17
1048.11
262.53
420.61
1003.78
181.80
311.74
951.45
222.02
294.75
907.40
407.75
423.48
907.61
595.48
883.88
1106.68
751.30
952.66
1183.17
705.41
793.38
1202.64
659.86
579.65
1239.22
626.47
408.70
1265.20
574.10
314.36
1226.91
581.00
349.11
1113.12
649.33
531.63
1068.62
723.06
1216.55
858.06
1007.51
1162.35
926.11
1016.21
873.87
894.94
1010.08
536.61
998.20
1010.08
328.11
1153.68
1002.80
324.18
1013.87
1010.04
619.85
836.82
1000.05
940.12
780.79
998.17
957.16
736.91
-372.62
894.05
994.25
-368.53
757.49
986.61
-367.32
575.93
1006.74
-366.61
471.90
924.83
-366.61
523.84
731.96
-366.61
699.51
568.21
-366.61
880.02
540.51
-366.61
1034.84
744.83
-65.38
949.23
1149.00
-71.65
761.48
1168.07
-62.32
577.79
1169.19
-67.38
465.70
1068.28
-70.50
498.40
784.19
-74.82
693.16
572.08
-65.05
881.55
501.03
-69.14
1175.18
742.59
266.18
1044.85
998.93
244.29
873.96
1010.31
211.13
751.55
949.10
190.52
539.41
862.30
93.19
628.65
660.71
96.85
812.83
545.69
139.21
976.12
493.96
249.24
1168.60
709.41
811.44
1049.37
1040.39
563.06
873.02
1008.78
330.22
750.22
867.74
232.77
621.87
642.46
118.43
693.77
580.58
138.25
895.87
505.51
333.30
1036.04
457.60
624.48
976.51
558.98
1053.83
1014.03
1015.07
659.23
789.04
1079.92
346.94
509.53
797.01
93.15
476.87
560.26
30.67
663.44
456.95
111.59
784.65
413.80
431.65
857.60
383.58
836.14
709.82
620.24
967.71
949.80
1050.04
634.99
735.12
1137.42
333.19
442.01
910.96
76.03
322.01
675.70
4.84
451.34
459.70
101.11
516.78
439.34
425.04
625.73
428.59
791.38
715.32
869.85
734.82
930.59
1191.17
582.85
699.99
1249.53
400.15
529.77
1180.57
216.80
332.58
1046.84
132.61
241.05
895.03
179.63
242.57
818.85
424.16
314.43
694.53
640.30
928.61
1021.04
770.92
996.01
1270.14
703.10
757.70
1277.30
659.10
482.59
1402.24
609.63
267.89
1430.55
534.59
233.32
1193.72
589.21
254.36
928.69
641.18
422.86
871.18
720.34
1399.07
918.51
1010.08
1218.57
1061.52
1010.08
855.16
961.36
1008.97
523.86
1121.91
1030.46
223.80
1381.67
1010.08
189.92
998.65
1010.08
646.54
766.88
1010.08
1046.39
712.31
1010.08
