933.53
680.02
-307.57
898.12
857.79
-307.57
798.10
935.49
-307.57
671.93
949.55
-307.57
595.58
875.09
-307.57
617.95
718.78
-307.57
740.24
567.59
-307.57
867.06
538.30
-307.57
1078.90
815.64
5.50
1015.13
1045.35
13.31
894.29
1105.67
17.58
765.45
1124.92
16.98
650.46
1082.72
9.01
644.63
935.55
8.35
780.93
760.18
7.73
924.37
700.42
3.07
1199.16
789.05
354.51
1167.12
897.24
337.69
1049.69
911.81
291.12
932.27
898.18
244.57
843.40
873.09
214.45
834.85
800.94
211.89
947.87
701.31
261.49
1082.24
694.23
321.58
1182.15
696.12
765.06
1138.34
817.12
645.71
1010.20
829.44
460.75
875.82
806.33
341.38
810.05
752.22
281.36
841.39
636.72
292.37
959.20
531.66
434.74
1048.88
561.35
637.95
914.89
515.70
944.73
997.71
788.28
747.98
865.75
784.43
464.35
725.03
775.87
277.69
674.88
688.48
189.23
738.99
522.23
214.91
803.36
459.73
438.83
856.90
449.06
748.77
661.19
557.52
811.58
815.94
825.26
657.25
739.46
825.44
413.96
604.58
814.01
225.13
537.66
720.90
116.84
539.24
504.73
139.88
539.26
460.18
362.22
602.46
493.87
649.92
656.24
845.60
623.94
787.40
965.37
577.24
744.10
1002.38
444.55
607.50
987.52
307.87
452.67
968.38
215.09
323.61
915.05
215.23
272.71
814.79
355.33
383.26
805.85
533.62
756.67
1012.91
728.76
848.31
1117.23
700.04
737.62
1165.06
667.94
559.13
1204.48
637.28
398.73
1209.58
588.28
290.53
1138.79
575.23
297.08
994.82
618.73
457.79
956.00
695.87
1166.75
858.57
1007.93
1118.57
925.55
1014.14
861.25
909.37
1009.77
561.89
1010.57
1009.77
362.08
1117.20
1004.56
340.16
938.39
1009.73
631.95
786.79
1002.60
922.22
776.07
1001.25
1005.84
678.31
-311.86
937.72
944.29
-308.94
811.19
998.09
-308.07
621.86
1022.27
-307.57
502.75
917.29
-307.57
532.78
700.40
-307.57
722.46
509.24
-307.57
920.94
486.42
-307.57
1151.02
794.47
16.97
1077.74
1167.88
13.46
886.91
1224.97
17.97
687.97
1246.04
13.42
547.52
1124.77
7.52
571.58
831.51
3.33
792.79
603.90
10.23
993.56
549.91
8.08
1289.94
778.23
376.88
1172.78
1013.09
364.08
991.80
1014.46
315.93
849.58
941.23
272.78
662.35
860.21
181.78
723.37
705.89
178.37
926.86
572.83
227.26
1108.39
531.83
334.62
1247.50
681.80
874.87
1121.02
985.70
690.95
947.06
970.19
459.63
834.00
859.48
323.72
728.95
671.65
197.55
791.56
596.99
193.17
983.99
466.44
387.60
1099.70
426.08
675.90
976.90
459.14
1072.77
1016.39
888.70
780.14
833.56
1002.99
466.02
626.65
809.74
200.81
587.67
625.40
91.95
762.68
457.05
116.87
832.23
365.80
428.95
868.54
299.21
825.79
638.85
499.86
921.90
862.26
910.09
682.35
768.19
1044.82
421.65
545.11
898.54
160.39
423.22
717.96
35.33
506.95
380.93
62.69
524.62
309.72
362.01
611.66
316.55
714.38
614.75
758.68
686.75
835.97
1062.77
597.48
719.17
1150.92
450.80
587.74
1090.44
280.40
393.06
1026.45
170.60
260.08
900.58
163.98
208.34
735.58
347.32
284.49
633.06
561.20
789.58
932.23
746.57
902.55
1185.78
702.51
737.12
1242.23
672.82
502.61
1349.76
628.91
296.46
1347.07
560.15
216.53
1114.44
573.79
200.91
835.14
602.21
363.36
783.56
695.85
1339.75
901.29
1009.77
1190.31
1030.60
1009.77
855.16
961.36
1008.97
536.99
1118.48
1024.32
251.81
1302.64
1009.77
197.98
909.44
1009.77
647.59
713.60
1009.77
1017.58
715.58
1009.77
