990.94
895.96
-151.93
971.46
1031.18
-151.92
905.21
1081.19
-151.92
800.72
1061.42
-151.92
734.92
953.68
-151.92
776.97
813.40
-151.92
870.35
731.34
-151.92
958.33
763.72
-151.92
1143.21
905.45
-20.97
1111.04
1006.78
-5.50
1009.77
1057.79
2.93
868.71
1028.81
4.89
805.42
909.00
5.32
886.22
780.38
-8.83
1012.38
733.94
-35.53
1110.10
777.75
-35.76
1241.06
946.49
128.40
1179.92
1055.31
136.08
1042.91
1061.12
127.25
896.92
997.82
104.35
836.67
882.41
91.17
911.83
782.49
96.76
1056.75
773.91
113.28
1185.13
805.80
122.59
1276.99
957.60
321.84
1203.14
1052.98
313.38
1044.70
1023.81
276.38
850.55
959.78
199.37
738.62
822.12
144.02
839.70
703.74
188.61
1035.88
757.23
285.14
1206.34
810.06
318.37
1219.29
955.03
522.35
1086.02
1066.47
489.45
926.06
1025.93
424.47
758.89
943.31
334.40
670.29
774.15
271.64
793.82
646.27
331.95
967.49
665.40
453.44
1135.93
755.24
521.12
1197.21
903.84
689.00
992.63
1040.92
639.12
792.03
1048.75
577.51
662.97
957.24
515.25
643.44
795.68
485.03
743.70
681.26
525.04
923.45
646.73
629.68
1150.77
688.70
716.19
1212.38
898.54
793.06
1010.44
987.28
770.98
801.41
999.43
750.08
653.03
958.94
724.38
611.91
835.19
699.80
709.35
735.35
721.07
908.83
714.01
778.12
1144.54
751.34
819.00
1267.68
903.09
884.16
1071.96
928.36
889.52
849.86
946.44
889.48
668.99
954.59
887.00
591.06
899.32
879.32
684.82
798.55
882.81
900.50
761.19
892.20
1153.49
786.85
896.61
1300.10
874.90
1009.65
1096.03
869.45
1009.83
829.38
899.59
1009.01
640.69
1012.60
1010.50
559.22
1006.43
1010.69
638.72
875.34
1011.00
910.11
775.70
1010.19
1177.88
785.33
1010.19
1048.42
875.12
-154.21
1004.98
1066.88
-154.20
906.09
1152.66
-154.20
764.45
1127.22
-154.20
669.39
964.35
-154.20
731.48
758.10
-154.20
844.90
652.24
-154.20
972.67
686.90
-154.20
1211.22
884.33
-22.45
1144.41
1054.09
-3.87
1012.03
1137.64
10.25
818.36
1092.65
14.07
729.10
910.85
12.90
829.76
737.77
3.77
1000.87
645.38
-32.90
1171.82
675.55
-37.03
1293.46
933.94
127.03
1172.11
1129.30
129.56
1007.17
1193.85
125.31
851.73
1102.51
102.48
772.49
881.33
80.85
884.22
723.32
104.15
1044.89
683.26
124.89
1186.51
728.48
137.06
1346.14
946.67
334.85
1238.86
1104.55
311.88
1032.66
1121.56
267.09
803.59
1072.36
165.87
689.67
830.27
106.16
810.53
608.19
163.44
1047.31
650.21
290.97
1224.76
737.81
350.23
1286.98
990.66
535.89
1107.76
1147.18
489.61
928.21
1114.26
420.84
724.96
1028.85
316.16
591.63
810.65
218.71
737.85
591.43
321.15
925.93
575.62
478.06
1126.62
666.51
568.11
1286.84
905.76
711.78
1009.62
1106.22
647.81
786.84
1142.44
577.40
624.88
1084.94
516.62
565.16
860.31
487.54
690.07
663.50
541.77
941.63
551.19
713.10
1234.80
616.84
781.19
1339.75
893.29
818.94
1085.70
1030.96
774.35
813.13
1041.88
752.65
633.61
1027.85
733.41
559.64
853.97
708.62
680.69
675.50
744.28
935.52
628.30
826.84
1246.92
674.32
871.49
1393.02
883.13
902.07
1193.70
992.35
890.74
880.83
990.53
889.25
642.17
1021.17
886.38
550.47
933.12
874.20
656.95
743.15
889.85
921.00
653.64
914.59
1241.28
668.36
934.58
1463.53
889.36
1009.01
1253.26
977.52
1008.97
855.16
961.36
1008.97
579.58
1084.61
1008.97
488.07
1064.77
1008.97
600.08
820.70
1008.97
924.72
675.28
1008.97
1260.57
683.93
1008.97
