975.05
871.59
-229.15
951.79
1016.11
-229.15
868.10
1059.28
-229.15
751.33
1043.18
-229.15
682.57
949.44
-229.15
729.61
809.63
-229.15
834.58
714.13
-229.15
933.56
730.00
-229.15
1110.47
878.75
-61.91
1068.53
1019.63
-46.15
963.45
1070.93
-36.40
826.65
1047.09
-34.37
751.23
952.82
-35.80
810.61
821.29
-47.75
934.17
740.59
-70.98
1041.35
756.79
-73.51
1215.41
914.58
136.19
1163.80
1016.78
135.27
1036.55
1025.98
118.07
899.28
981.19
90.68
835.17
892.12
75.45
885.04
791.80
81.39
1015.22
770.53
108.03
1140.19
796.17
129.04
1256.51
930.22
404.98
1195.19
1019.16
352.33
1042.20
996.03
270.25
846.41
939.86
181.28
741.63
817.21
126.65
826.94
697.50
175.40
1007.43
731.82
294.74
1163.88
793.83
374.81
1154.97
913.93
627.63
1080.14
1067.74
524.62
913.37
1004.60
387.25
733.84
926.98
266.77
647.26
767.53
201.80
756.23
636.94
275.18
919.52
658.80
438.90
1074.00
744.06
580.69
1088.60
886.53
742.37
971.29
1063.00
634.38
770.68
1037.81
506.66
627.28
950.44
404.87
597.98
805.05
363.61
672.85
699.67
421.99
820.95
674.23
577.02
1023.28
711.68
731.23
1106.78
956.70
769.11
980.37
1040.78
724.04
789.50
1046.83
659.13
635.04
1000.63
597.80
570.07
900.74
558.06
616.02
822.02
591.35
762.02
803.78
692.39
975.15
835.07
775.54
1185.90
993.08
852.97
1049.07
1014.25
844.11
836.59
1026.46
831.00
643.33
1050.25
820.18
548.83
1022.44
800.09
590.48
945.74
807.29
765.56
891.74
835.53
1006.77
904.12
857.32
1296.05
878.17
1009.60
1116.65
885.49
1012.08
836.82
898.15
1010.33
603.02
1018.11
1010.33
479.59
1069.13
1008.25
537.67
941.73
1010.32
823.25
813.19
1007.47
1125.34
797.11
1006.93
1030.66
856.77
-232.83
984.89
1077.28
-231.66
873.89
1138.65
-231.31
717.38
1122.82
-231.11
614.33
974.18
-231.11
679.18
759.15
-231.11
809.92
631.42
-231.11
953.52
652.65
-231.11
1173.87
857.45
-59.09
1103.04
1092.32
-45.23
959.31
1159.37
-30.18
765.80
1122.79
-28.24
672.14
958.76
-29.67
757.64
751.79
-38.60
934.06
628.80
-67.23
1109.52
633.67
-72.04
1275.42
899.26
138.17
1144.33
1114.05
133.90
982.38
1168.65
123.83
840.24
1084.45
101.93
725.76
890.61
58.26
837.32
713.77
80.04
998.42
658.60
107.59
1137.73
680.59
145.87
1321.80
917.24
444.01
1205.84
1116.63
354.14
1007.78
1114.26
257.36
800.96
1042.42
151.03
680.79
793.99
72.75
790.03
607.80
129.82
1023.17
637.65
287.98
1190.76
698.46
411.92
1223.53
936.38
667.32
1096.68
1170.89
516.35
901.89
1145.74
379.56
670.88
992.81
227.81
559.02
757.70
134.46
717.72
570.38
249.49
894.59
559.60
465.00
1066.62
632.04
644.27
1155.66
881.96
790.00
998.17
1145.60
640.42
764.48
1186.94
499.48
568.87
1071.02
383.60
499.58
835.01
347.62
630.09
649.46
426.78
843.18
561.45
657.69
1099.22
607.90
809.38
1200.85
928.41
808.67
1056.93
1107.49
724.55
779.66
1124.91
655.78
606.06
1091.94
591.83
506.18
926.31
552.74
576.66
757.17
601.76
773.03
715.66
741.30
1029.57
714.42
833.89
1300.41
953.21
873.45
1161.21
1085.86
843.98
851.73
1074.27
829.91
598.13
1137.42
814.38
480.41
1095.90
784.40
554.81
896.94
816.59
763.15
762.61
853.74
1051.64
755.46
888.86
1473.67
916.30
1009.29
1260.71
1009.99
1009.29
855.16
961.36
1008.97
566.99
1106.65
1015.11
407.78
1185.41
1009.29
490.88
909.19
1009.29
858.32
726.47
1009.29
1222.40
712.42
1009.29
