959.76
866.85
-108.81
939.19
970.97
-108.77
882.85
1008.78
-108.77
798.29
995.73
-108.77
747.50
910.34
-108.77
783.48
801.99
-108.77
859.63
740.80
-108.77
931.92
763.76
-108.77
1084.78
865.16
20.24
1044.14
958.41
31.71
945.78
996.88
37.71
816.99
978.78
39.10
762.80
872.33
39.42
840.16
765.10
29.31
956.26
728.81
10.24
1050.71
753.10
10.09
1170.24
900.00
154.19
1112.81
1019.33
159.19
972.87
1031.15
152.91
831.01
967.38
136.55
763.01
849.12
127.14
844.17
761.28
131.13
982.94
738.50
142.93
1116.47
758.30
149.56
1199.00
887.97
331.05
1127.93
1000.05
325.08
973.68
976.67
298.65
797.02
917.54
243.64
682.78
796.55
204.10
778.87
673.09
235.96
968.63
702.76
304.91
1137.88
736.11
328.64
1169.14
852.84
514.73
1045.08
970.39
490.97
886.83
950.23
444.56
722.41
888.40
380.23
642.99
735.58
335.40
761.22
613.83
378.47
927.28
609.12
465.26
1091.86
673.23
513.59
1193.37
820.16
672.80
1003.60
946.17
636.97
805.97
968.95
592.97
656.87
903.96
548.50
620.19
742.81
526.92
724.90
612.00
555.50
910.13
585.37
630.24
1126.25
619.32
692.02
1223.11
822.28
787.79
1027.73
930.31
772.20
817.31
943.83
757.26
645.32
927.42
738.90
585.27
784.58
721.35
689.18
660.44
736.54
898.29
634.42
777.29
1128.95
666.16
806.50
1272.29
830.08
886.28
1088.25
891.18
889.67
866.18
916.40
889.66
684.69
900.82
887.88
585.43
833.46
882.40
697.36
720.98
884.89
910.10
687.09
891.60
1154.78
699.53
894.73
1271.80
854.76
1008.24
1099.88
864.64
1008.75
843.41
895.52
1006.32
663.32
984.20
1010.78
606.17
949.55
1011.35
693.18
815.81
1012.27
944.21
733.14
1009.84
1165.45
752.48
1009.83
1018.70
851.44
-110.44
970.03
1007.35
-110.40
875.01
1075.49
-110.40
748.97
1053.47
-110.40
674.29
914.32
-110.40
729.55
748.41
-110.40
833.61
671.40
-110.40
948.34
698.68
-110.40
1154.52
846.46
19.19
1081.79
1009.12
32.87
943.78
1081.00
42.93
761.38
1037.69
45.67
678.13
869.21
44.83
776.77
715.56
38.30
940.67
630.12
12.11
1107.10
654.60
9.18
1224.46
886.98
153.21
1118.72
1078.34
154.53
945.19
1137.33
151.52
782.92
1051.04
135.22
700.75
844.59
119.77
807.35
691.99
136.41
976.11
648.24
151.23
1132.26
687.19
159.90
1266.41
876.17
340.34
1176.71
1047.79
324.01
967.91
1078.69
292.01
747.08
1018.53
219.71
632.46
792.07
177.06
754.74
585.36
217.97
981.32
600.26
309.07
1168.40
666.44
351.40
1249.07
880.91
524.40
1074.03
1038.01
491.08
890.78
1033.08
441.97
686.52
966.17
367.20
565.14
763.19
297.59
708.83
557.88
370.76
899.45
526.44
482.84
1103.63
597.94
547.15
1275.63
819.01
689.07
1029.46
1010.39
643.18
800.95
1051.29
592.90
617.95
1010.21
549.48
544.19
790.62
528.71
672.34
591.33
567.45
918.32
492.46
689.82
1195.00
552.52
738.45
1327.37
821.07
806.28
1090.54
976.48
774.61
820.55
991.78
759.10
618.51
988.80
745.36
530.67
796.45
727.65
658.68
602.21
753.12
918.27
550.12
812.09
1214.84
601.36
843.99
1376.71
817.79
899.07
1179.70
956.29
890.54
883.20
970.07
889.49
646.54
982.68
887.44
539.38
858.48
878.74
652.49
659.85
889.92
915.33
577.61
907.59
1221.21
600.51
921.85
1413.30
842.71
1009.09
1219.71
957.24
1008.96
855.16
961.36
1008.97
571.64
1051.86
1008.97
516.66
980.67
1008.97
615.14
733.11
1008.97
915.98
617.61
1008.97
1229.17
625.78
1008.96
