897.38
808.62
-22.57
874.65
850.54
-22.48
838.14
863.96
-22.47
793.41
864.37
-22.47
772.66
823.67
-22.47
796.49
779.16
-22.47
838.17
759.72
-22.47
879.09
763.85
-22.48
967.92
784.57
102.68
910.33
861.68
106.12
817.80
875.07
107.26
713.56
878.73
107.54
677.56
798.99
107.60
748.05
734.54
105.58
844.04
718.54
101.76
931.93
703.79
101.80
1028.59
807.00
205.77
978.59
947.38
205.42
832.78
971.20
204.23
699.18
906.51
200.96
615.70
782.55
199.08
708.84
718.87
199.87
835.33
667.67
202.24
979.16
663.30
203.49
1043.03
748.72
349.46
977.53
894.19
348.48
831.64
882.40
343.18
689.96
833.06
332.18
571.09
745.41
324.27
657.20
611.78
330.64
834.15
593.82
344.43
1000.96
588.20
349.19
1068.82
648.47
499.48
963.21
778.23
494.00
808.35
798.84
484.75
649.46
778.56
471.88
588.39
658.44
462.91
696.02
548.95
471.53
846.86
496.55
488.89
1003.72
509.21
498.53
1185.68
652.78
640.41
1025.53
756.67
632.69
833.86
809.36
623.91
644.66
797.40
615.01
573.69
637.06
610.69
687.29
473.47
616.41
883.50
462.63
631.36
1077.20
480.57
643.70
1244.57
669.76
777.26
1062.32
816.37
774.64
849.11
832.62
771.63
629.90
864.38
767.96
531.98
683.35
764.45
648.85
510.62
767.48
877.21
475.24
775.63
1097.79
495.81
781.50
1281.50
684.06
890.50
1120.84
816.82
889.96
898.81
856.31
890.01
716.08
793.28
889.65
574.17
701.75
888.56
722.44
565.85
889.05
929.29
538.91
890.40
1157.35
524.88
890.97
1215.19
814.49
1005.40
1107.56
855.00
1006.60
871.48
887.38
1000.92
708.60
927.39
1011.33
700.07
835.80
1012.68
802.09
696.75
1014.81
1012.40
648.02
1009.14
1140.60
686.77
1009.13
959.26
804.08
-22.89
900.14
888.30
-22.80
812.84
921.14
-22.80
718.03
905.95
-22.80
684.08
814.26
-22.80
725.70
729.04
-22.80
811.02
709.72
-22.80
899.67
722.24
-22.80
1041.13
770.71
102.47
956.55
919.19
106.35
807.28
967.73
108.30
647.44
927.76
108.85
576.17
785.95
108.68
670.80
671.13
107.38
820.27
599.61
102.14
977.67
612.70
101.61
1086.46
793.06
205.57
1011.93
976.42
204.49
821.24
1024.28
203.95
645.29
948.09
200.69
557.25
771.11
197.60
653.60
629.34
200.93
838.54
578.21
203.90
1023.75
604.63
205.56
1106.93
735.17
351.32
1052.41
934.28
348.27
838.40
992.94
341.85
634.07
910.86
327.39
518.03
715.68
318.86
643.17
539.70
327.04
849.36
500.35
345.26
1055.68
523.71
353.75
1173.26
661.42
501.42
1006.56
819.65
494.03
815.91
870.72
484.23
609.63
840.81
469.27
512.15
668.29
455.35
650.79
490.78
469.98
846.51
428.09
492.40
1057.63
460.80
505.24
1253.19
645.49
643.66
1069.15
818.73
633.93
829.18
868.99
623.89
604.09
860.75
615.21
502.26
651.23
611.05
636.89
447.00
618.80
871.70
374.99
643.28
1115.41
423.88
652.98
1302.62
676.63
780.96
1100.23
867.52
775.12
835.39
891.58
771.99
588.33
910.70
769.25
472.73
681.42
765.71
614.65
455.64
770.80
883.77
393.77
782.59
1150.67
455.44
789.00
1344.09
687.10
893.06
1151.70
884.19
890.13
887.95
929.17
889.97
655.30
905.72
889.56
517.20
709.20
887.82
643.57
493.25
890.06
904.00
425.53
893.60
1181.05
464.81
896.39
1312.82
749.41
1009.24
1152.60
916.68
1008.96
855.16
961.36
1008.97
555.75
986.34
1008.97
573.84
812.46
1008.97
645.25
557.91
1008.97
898.50
502.28
1008.97
1166.36
509.48
1008.96
