912.09
793.74
-340.48
880.19
925.75
-340.48
771.54
943.04
-340.48
650.11
941.04
-340.48
590.45
897.63
-340.48
641.39
790.66
-340.48
752.32
689.17
-340.48
857.61
662.61
-340.48
986.55
785.05
-102.55
916.61
996.94
-90.23
806.83
1036.31
-80.28
690.80
1033.61
-78.67
600.25
1003.77
-83.97
613.33
887.83
-87.45
721.63
748.75
-96.12
844.46
690.22
-103.17
1093.28
804.26
177.54
1064.47
903.75
156.76
953.81
925.72
125.37
838.08
917.49
95.54
758.51
878.26
79.98
763.78
789.22
85.01
858.34
728.38
127.19
981.66
729.41
168.92
1137.58
805.85
580.45
1104.10
898.59
441.92
966.17
893.34
280.24
784.60
857.77
189.36
691.80
781.82
151.98
740.57
654.37
196.32
883.31
626.55
333.70
1010.50
687.42
497.97
976.18
729.56
830.55
1027.44
974.19
596.46
848.74
886.25
332.91
647.26
839.38
177.32
573.91
715.73
125.87
648.45
585.86
208.17
783.39
589.30
421.63
906.05
639.69
692.30
867.54
768.22
832.94
939.57
1012.41
622.76
741.94
936.14
380.43
549.81
883.57
217.36
483.81
770.92
162.65
512.37
667.21
246.35
602.62
667.84
472.23
743.76
688.26
737.16
906.32
996.78
715.95
937.52
1090.83
631.38
781.57
1086.01
484.43
591.35
1052.48
359.18
459.74
981.23
296.13
409.21
920.44
347.39
457.85
903.73
520.11
620.78
917.35
676.12
1026.96
1100.07
792.70
1019.58
1148.85
753.43
826.37
1156.44
714.21
607.72
1187.81
687.43
458.73
1202.82
644.71
414.35
1162.56
658.35
505.27
1078.76
721.60
714.62
1051.33
776.88
1259.65
864.59
1008.07
1161.71
912.76
1015.52
865.73
891.20
1010.27
550.32
1000.72
1010.27
367.28
1137.66
1004.03
390.02
1014.99
1010.24
683.61
845.62
1001.68
1007.82
787.80
1000.06
965.43
796.39
-346.27
909.77
1038.58
-342.77
778.39
1033.46
-341.73
607.77
1040.25
-341.13
509.09
943.80
-341.13
572.64
751.54
-341.13
728.66
608.94
-341.13
890.88
595.91
-341.13
1042.46
765.82
-90.73
957.66
1123.82
-91.21
785.61
1146.20
-78.37
603.73
1128.10
-81.27
507.24
1012.94
-82.89
560.42
757.61
-88.80
740.25
580.38
-90.87
920.20
528.95
-95.85
1170.34
782.93
186.61
1035.37
1032.58
167.56
870.82
1061.71
147.10
748.44
996.84
133.57
560.55
872.43
52.01
666.63
663.33
64.07
836.68
574.28
99.32
985.90
543.55
186.32
1193.37
787.89
667.82
1077.64
1084.03
450.79
893.26
1056.80
262.80
739.20
928.72
175.21
605.82
683.24
76.83
693.26
584.18
117.13
908.93
562.58
300.10
1066.39
548.40
536.49
1058.73
718.06
918.68
1040.79
1109.13
571.30
811.81
1127.51
318.12
524.27
858.04
102.15
467.32
604.36
44.84
648.45
494.73
155.80
805.44
478.40
443.66
923.63
494.52
775.64
882.09
747.60
923.74
995.11
1128.54
621.01
733.89
1184.80
359.13
449.92
968.45
150.43
347.47
714.72
108.94
492.39
549.21
222.47
622.96
523.25
523.60
788.25
525.71
823.05
910.69
926.43
775.46
1004.25
1206.07
625.21
720.16
1240.86
468.48
535.87
1181.07
320.61
370.29
1013.46
259.99
346.58
847.23
325.55
430.80
812.22
555.49
562.80
721.65
731.19
1098.89
1028.04
813.21
1082.23
1236.84
750.26
795.90
1221.32
711.47
514.43
1331.46
671.45
329.21
1346.83
609.34
346.08
1121.22
670.14
441.78
904.51
725.02
652.28
861.81
784.67
1443.71
923.52
1009.93
1242.04
1054.65
1009.93
855.16
961.36
1008.97
533.86
1117.97
1027.39
275.79
1342.59
1009.93
287.55
998.57
1009.93
716.78
771.17
1009.93
1114.67
711.26
1009.93
