927.83
813.20
-312.65
898.09
948.34
-312.65
795.68
972.10
-312.65
675.42
966.57
-312.65
613.48
910.58
-312.65
663.44
795.40
-312.65
772.89
695.41
-312.65
876.60
679.45
-312.65
1017.53
808.48
-92.39
954.59
1002.61
-79.21
845.98
1044.97
-69.31
724.76
1036.98
-67.59
638.00
991.03
-71.93
662.65
871.19
-77.53
774.77
746.71
-89.84
893.68
706.86
-95.76
1123.81
831.84
167.20
1089.30
932.00
151.38
974.50
950.78
123.55
853.38
933.42
94.33
777.68
881.72
78.85
794.09
789.87
84.11
897.56
738.92
122.40
1021.29
746.10
158.95
1167.31
836.94
536.58
1126.87
928.73
419.52
985.18
919.02
277.74
800.05
878.29
187.34
704.25
790.67
145.65
762.16
665.15
191.09
914.34
652.87
323.96
1048.84
714.02
467.18
1020.88
775.66
779.82
1040.62
997.58
578.50
864.90
915.84
346.50
668.91
861.28
199.68
592.25
728.68
144.85
675.39
598.63
224.92
817.42
606.68
425.95
948.03
665.79
664.39
922.81
797.80
810.30
947.50
1025.06
625.66
749.12
961.56
411.98
569.18
900.29
264.23
512.35
779.45
212.89
552.49
675.33
290.26
657.20
669.44
498.43
813.64
694.12
735.68
956.44
986.76
729.24
948.24
1078.32
654.54
783.56
1076.22
528.10
602.27
1039.52
418.83
487.32
961.11
361.61
460.91
895.83
408.38
533.90
878.74
563.18
709.37
896.78
700.98
1066.69
1073.32
807.77
1026.95
1115.20
776.10
828.92
1123.94
743.41
616.62
1153.42
720.62
481.26
1157.72
683.55
458.38
1108.35
695.59
570.34
1032.01
750.08
787.66
1014.53
796.99
1268.75
867.99
1008.45
1150.45
905.94
1014.66
858.50
892.93
1010.29
563.50
1005.07
1010.29
395.36
1120.52
1005.08
426.93
996.67
1010.26
718.52
837.52
1003.12
1037.20
790.13
1001.78
981.74
811.49
-317.91
928.55
1048.26
-314.99
802.26
1059.76
-314.13
635.17
1060.89
-313.62
535.40
951.39
-313.62
599.27
753.45
-313.62
748.98
614.56
-313.62
906.54
610.10
-313.62
1075.31
788.73
-82.82
994.00
1115.94
-79.72
829.03
1149.49
-66.32
644.25
1126.77
-68.01
548.46
999.40
-69.59
609.73
756.16
-76.25
788.70
592.49
-84.96
967.53
555.13
-89.90
1196.61
812.01
174.50
1062.61
1052.95
159.14
898.71
1088.44
141.28
771.39
1018.74
125.66
601.85
876.98
53.58
709.30
675.94
68.06
877.12
595.36
101.39
1023.86
577.81
176.21
1225.48
820.23
611.86
1109.69
1092.18
426.63
921.89
1071.17
261.44
754.64
957.15
169.16
624.56
710.93
75.81
717.45
590.09
120.30
937.49
581.35
297.07
1097.49
585.91
505.34
1099.93
772.64
855.84
1054.76
1124.57
557.56
834.33
1132.06
333.48
560.92
891.73
133.57
490.25
642.69
67.24
665.77
513.64
179.22
827.72
498.70
449.00
959.38
528.90
742.80
950.48
781.19
890.31
995.87
1132.81
625.86
741.54
1185.33
394.21
479.66
994.09
208.73
385.50
744.79
168.61
526.81
574.27
273.55
678.01
532.80
557.12
865.99
546.26
819.63
983.23
926.92
783.76
1017.42
1181.43
650.04
735.03
1211.87
515.30
553.42
1158.79
388.42
404.26
991.67
333.18
404.10
824.71
394.60
516.36
788.08
601.94
679.49
719.84
756.87
1149.27
1009.33
828.27
1101.97
1199.09
773.69
809.86
1184.56
741.08
535.36
1282.95
707.18
367.01
1284.10
653.11
398.26
1065.15
706.76
522.12
869.04
757.20
752.12
835.22
810.72
1451.20
921.71
1009.77
1246.71
1043.49
1009.77
855.16
961.36
1008.97
542.14
1115.14
1024.32
308.79
1303.29
1009.77
338.38
976.22
1009.77
752.16
759.99
1009.77
1141.60
711.55
1009.77
