1006.54
910.52
-173.49
987.59
1061.29
-173.49
916.38
1117.39
-173.49
801.94
1094.26
-173.49
728.63
975.35
-173.49
773.72
819.11
-173.49
875.72
726.61
-173.49
971.54
763.70
-173.49
1172.42
925.60
-41.58
1144.49
1030.97
-24.10
1041.77
1088.25
-14.45
894.57
1053.83
-12.22
826.73
927.34
-11.72
909.25
788.02
-27.89
1040.43
736.51
-58.41
1139.79
790.08
-58.69
1276.47
969.74
115.51
1213.47
1073.30
124.53
1077.93
1076.11
114.42
929.88
1013.04
88.25
873.49
899.05
73.18
945.67
793.09
79.58
1093.65
791.61
98.45
1219.45
829.55
109.10
1315.98
992.41
317.24
1240.74
1079.45
307.53
1080.21
1047.38
265.25
877.31
980.90
177.24
766.54
834.91
113.98
870.12
719.07
164.94
1069.50
784.46
275.26
1240.57
847.04
313.23
1244.37
1006.12
526.17
1106.48
1114.51
488.69
945.68
1063.78
414.42
777.13
970.77
311.49
683.94
793.43
239.76
810.12
662.49
308.68
987.59
693.54
447.54
1157.97
796.24
524.89
1199.13
945.69
697.09
987.15
1088.29
640.19
785.05
1088.65
569.77
666.02
983.88
498.63
655.06
822.12
464.08
753.10
715.90
509.81
930.11
677.42
629.41
1163.03
723.39
728.27
1207.01
936.66
795.69
1001.80
1015.76
770.37
793.46
1027.23
746.49
656.88
974.70
717.11
625.23
860.49
689.03
719.43
772.81
713.33
914.10
753.80
778.53
1152.33
793.93
825.25
1265.37
939.59
883.10
1063.82
946.95
889.45
841.70
961.47
889.40
661.14
981.47
886.56
593.88
932.24
877.78
678.55
837.33
881.77
895.70
798.23
892.50
1152.85
830.51
897.55
1314.25
884.96
1010.36
1094.11
871.86
1010.36
822.37
901.62
1010.36
629.37
1026.80
1010.36
535.74
1034.86
1010.36
611.50
905.11
1010.36
893.06
796.98
1010.36
1184.10
801.76
1010.36
1063.28
886.96
-176.10
1022.45
1096.64
-176.10
921.64
1191.25
-176.10
772.18
1164.10
-176.10
666.95
989.37
-176.10
732.45
762.95
-176.10
850.55
642.66
-176.10
984.84
681.01
-176.10
1239.57
903.26
-43.27
1175.73
1076.57
-22.25
1046.16
1165.96
-6.09
846.84
1120.13
-1.72
754.59
931.66
-3.06
856.25
748.88
-13.50
1030.97
653.01
-55.40
1204.18
686.03
-60.14
1327.96
957.42
113.94
1198.81
1154.78
117.07
1038.16
1222.12
112.20
886.14
1128.25
86.11
808.37
899.70
61.39
922.66
738.99
88.02
1079.28
700.77
111.73
1213.64
749.12
125.65
1386.01
981.92
332.11
1269.93
1132.92
305.82
1065.04
1143.00
254.63
831.84
1099.27
138.94
718.28
849.37
70.72
838.42
619.61
136.17
1080.30
675.18
281.92
1252.94
773.49
349.64
1305.93
1045.54
541.63
1124.63
1201.77
488.87
946.93
1154.85
410.28
744.18
1060.19
290.64
604.87
834.37
179.27
752.36
608.21
296.34
939.16
600.21
475.66
1138.12
700.80
578.59
1292.45
949.14
723.13
999.70
1154.13
650.12
779.78
1188.01
569.65
628.34
1122.31
500.19
575.64
895.16
466.96
698.94
699.58
528.94
953.28
580.56
724.74
1254.70
649.00
802.55
1345.94
929.40
825.27
1083.27
1058.20
774.22
809.42
1066.93
749.43
641.15
1047.37
727.44
574.12
882.73
699.11
691.70
712.14
739.86
944.15
667.39
834.21
1262.96
710.80
885.24
1401.17
915.80
903.57
1200.70
1010.37
890.84
879.64
1000.75
889.13
639.98
1040.41
885.85
556.01
970.44
871.93
659.17
784.80
889.82
923.84
691.66
918.09
1251.32
702.29
940.95
1488.65
912.69
1008.97
1270.04
987.66
1008.97
855.16
961.36
1008.97
583.55
1100.99
1008.97
473.77
1106.82
1008.97
592.55
864.50
1008.97
929.09
704.12
1008.97
1276.27
713.00
1008.97
