986.46
605.22
-219.00
951.84
835.01
-219.00
872.94
986.07
-219.00
744.35
1009.14
-219.00
646.77
878.46
-219.00
638.62
656.37
-219.00
769.30
458.49
-219.00
914.49
447.70
-219.00
1233.20
893.07
133.87
1189.61
1105.09
138.90
1060.07
1192.34
137.38
908.03
1222.97
134.78
776.16
1136.20
126.08
774.58
950.01
124.00
946.49
767.53
124.15
1102.73
743.91
124.14
1366.10
829.01
510.79
1319.44
947.26
507.88
1186.93
948.02
453.22
1057.06
910.71
391.17
966.62
874.86
346.66
966.54
813.95
336.96
1115.83
695.32
386.20
1262.08
692.42
454.30
1286.19
648.58
861.92
1218.13
795.93
804.72
1092.24
816.87
636.26
997.94
795.92
489.37
953.22
740.32
398.06
985.40
640.63
377.96
1097.15
489.42
516.30
1163.95
488.49
716.35
942.99
394.03
957.45
994.32
649.14
863.57
915.06
741.78
622.96
846.09
756.15
422.79
812.51
687.13
290.55
883.42
484.15
255.15
891.41
364.91
464.67
891.72
310.62
749.45
565.36
405.99
744.94
708.16
663.41
697.56
751.36
765.57
510.62
698.09
777.88
326.67
648.59
687.95
171.51
646.36
358.47
121.23
585.07
255.72
304.59
600.92
311.19
559.73
506.39
674.37
558.52
658.69
814.89
569.44
710.60
899.15
492.03
645.50
896.63
375.87
500.76
915.29
265.02
341.41
860.46
205.06
239.65
675.88
276.69
322.92
653.21
440.83
565.85
872.27
694.96
691.80
1018.32
692.00
653.99
1108.69
680.06
528.35
1152.38
653.50
383.77
1126.15
609.54
254.78
1006.61
566.58
219.03
817.37
572.82
347.02
787.06
655.07
1092.05
859.35
1008.55
1052.89
924.70
1011.04
842.31
931.03
1009.29
599.80
1029.11
1009.29
413.04
1062.48
1007.20
364.12
825.16
1009.27
650.11
711.74
1006.42
895.39
768.98
1005.88
1078.87
590.42
-220.72
1003.24
869.36
-219.55
891.75
1015.31
-219.20
690.76
1045.58
-219.00
549.02
905.97
-219.00
546.20
653.06
-219.00
756.89
420.77
-219.00
982.33
405.30
-219.00
1325.28
868.93
140.50
1270.52
1196.19
141.13
1075.07
1310.33
138.40
853.26
1361.31
134.63
670.26
1209.51
124.54
681.35
902.50
120.55
942.23
651.63
123.15
1161.59
623.24
123.92
1462.07
831.69
542.93
1364.68
1034.33
543.77
1168.56
1020.68
473.12
996.63
929.43
396.17
846.76
857.08
314.67
865.46
773.67
300.65
1097.91
613.55
359.32
1306.80
588.64
462.70
1365.83
640.40
970.03
1228.50
903.67
882.78
1058.12
912.30
653.75
959.68
847.09
460.14
889.57
715.45
316.24
938.25
621.60
275.56
1116.17
407.84
469.05
1195.18
378.79
753.03
977.47
309.37
1101.17
1019.93
699.16
961.50
900.35
887.58
644.63
802.34
828.84
362.30
753.87
723.12
183.88
911.55
457.20
124.78
903.60
293.80
424.91
884.94
172.65
810.25
532.40
319.29
853.19
730.94
700.17
753.39
817.78
905.92
554.34
699.78
879.92
286.93
575.03
781.33
81.07
590.37
262.78
5.06
536.38
115.31
267.46
590.56
148.49
598.88
463.89
591.93
614.65
694.03
870.18
619.43
747.93
1003.00
526.77
674.71
955.24
375.80
483.78
995.87
227.58
288.62
908.90
140.52
156.99
610.67
232.05
239.57
540.85
442.56
581.04
799.02
710.06
762.37
1059.24
701.63
706.26
1189.62
693.38
532.63
1271.04
657.84
339.32
1221.84
598.48
191.35
995.52
550.67
120.73
694.82
543.76
274.12
652.14
659.11
1250.78
875.45
1009.29
1147.92
984.22
1009.29
855.16
961.36
1008.97
556.67
1113.32
1015.11
293.82
1184.11
1009.29
210.08
775.62
1009.29
649.17
633.67
1009.29
974.36
720.48
1009.29
