944.16
852.29
-87.25
923.05
940.86
-87.20
871.67
972.57
-87.20
797.07
962.89
-87.20
753.79
888.67
-87.20
786.73
796.28
-87.20
854.26
745.53
-87.20
918.71
763.78
-87.20
1055.57
845.01
40.85
1010.69
934.23
50.31
913.79
966.43
55.09
791.13
953.77
56.21
741.49
854.00
56.46
817.14
757.46
48.38
928.21
726.24
33.12
1021.01
740.77
33.02
1134.83
876.75
167.09
1079.25
1001.35
170.75
937.85
1016.16
165.74
798.05
952.16
152.65
726.18
832.48
145.12
810.34
750.68
148.32
946.04
720.79
157.76
1082.14
734.55
163.04
1160.01
853.16
335.65
1090.33
973.59
330.93
938.17
953.10
309.78
770.25
896.42
265.77
654.85
783.77
234.14
748.45
657.76
259.63
935.01
675.53
314.79
1103.65
699.13
333.78
1144.06
801.75
510.92
1024.62
922.35
491.73
867.21
912.39
454.61
704.18
860.94
403.14
629.34
716.29
367.28
744.92
597.61
401.74
907.17
580.98
471.16
1069.83
632.23
509.82
1191.45
778.31
664.70
1009.08
898.79
635.90
812.94
929.05
600.71
653.81
877.32
565.13
608.56
716.37
547.86
715.49
577.37
570.72
903.48
554.68
630.52
1113.99
584.64
679.94
1228.47
784.15
785.16
1036.38
901.82
772.81
825.26
916.03
760.85
641.46
911.66
746.17
571.95
759.27
732.13
679.10
622.99
744.28
893.02
594.63
776.88
1121.16
623.58
800.25
1274.59
793.57
887.33
1096.40
872.59
889.74
874.33
901.38
889.75
692.53
873.94
888.32
582.62
800.53
883.94
703.63
682.20
885.93
914.89
650.05
891.30
1155.42
655.86
893.79
1257.64
844.69
1007.53
1101.80
862.23
1008.21
850.43
893.48
1004.97
674.64
969.99
1010.92
629.64
921.11
1011.68
720.41
786.05
1012.90
961.26
711.86
1009.66
1159.24
736.05
1009.66
1003.84
839.60
-88.55
952.56
977.59
-88.50
859.47
1036.90
-88.50
741.24
1016.59
-88.50
676.74
889.31
-88.50
728.59
743.57
-88.50
827.96
680.98
-88.50
936.17
704.57
-88.50
1126.18
827.52
40.01
1050.48
986.64
51.24
909.65
1052.68
59.28
732.90
1010.21
61.46
652.64
848.40
60.79
750.28
704.45
55.57
910.57
622.50
34.62
1074.74
644.12
32.29
1189.96
863.50
166.30
1092.02
1052.86
167.02
914.20
1109.06
164.63
748.51
1025.30
151.58
664.87
826.22
139.22
768.91
676.33
152.54
941.72
630.73
164.39
1105.13
666.55
171.31
1226.54
840.92
343.09
1145.64
1019.41
330.08
935.53
1057.25
304.47
718.83
991.61
246.63
603.85
772.98
212.51
726.85
573.94
245.24
948.33
575.28
318.12
1140.22
630.76
351.99
1230.12
826.04
518.65
1057.16
983.42
491.82
872.06
992.49
452.53
667.30
934.83
392.71
551.89
739.47
337.03
694.32
541.11
395.57
886.22
501.85
485.23
1092.13
563.65
536.68
1270.02
775.63
677.72
1039.39
962.47
640.87
808.01
1005.71
600.64
614.49
972.85
565.91
533.71
755.77
549.30
663.48
555.25
580.29
906.66
463.09
678.19
1175.10
520.36
717.08
1321.19
784.96
799.95
1092.96
949.24
774.74
824.26
966.73
762.32
610.97
969.27
751.33
516.19
767.70
737.16
647.67
565.57
757.54
909.65
511.04
804.71
1198.80
564.88
830.24
1368.55
785.11
897.57
1172.70
938.27
890.43
884.39
959.85
889.61
648.73
963.44
887.97
533.83
821.16
881.01
650.26
618.20
889.96
912.50
539.59
904.10
1211.17
566.59
915.49
1388.18
819.39
1009.12
1202.93
947.10
1008.96
855.16
961.36
1008.97
567.67
1035.48
1008.97
530.95
938.61
1008.97
622.66
689.31
1008.97
911.61
588.78
1008.97
1213.47
596.70
1008.96
