896.34
774.27
-368.31
862.29
903.16
-368.31
747.40
913.98
-368.31
624.81
915.50
-368.31
567.42
884.67
-368.31
619.33
785.92
-368.31
731.76
682.93
-368.31
838.63
645.76
-368.31
955.57
761.63
-112.71
878.63
991.27
-101.25
767.67
1027.65
-91.25
656.83
1030.24
-89.74
562.50
1016.51
-96.01
564.01
904.46
-97.38
668.50
750.79
-102.41
795.24
673.58
-110.59
1062.75
776.68
187.88
1039.64
875.49
162.13
933.12
900.65
127.20
822.79
901.57
96.76
739.35
874.79
81.12
733.47
788.58
85.92
819.12
717.84
131.98
942.02
712.73
178.89
1107.84
774.76
624.32
1081.32
868.44
464.31
947.17
867.67
282.74
769.14
837.25
191.38
679.34
772.98
158.32
718.98
643.59
201.55
852.27
600.23
343.44
972.15
660.81
528.76
931.48
683.47
881.28
1014.27
950.80
614.42
832.58
856.67
319.33
625.62
817.48
154.95
555.57
702.78
106.89
621.50
573.08
191.42
749.35
571.93
417.31
864.06
613.60
720.20
812.28
738.64
855.58
931.65
999.77
619.85
734.75
910.72
348.87
530.44
866.86
170.48
455.27
762.39
112.41
472.25
659.10
202.44
548.04
666.25
446.04
673.88
682.41
738.64
856.21
1006.80
702.66
926.81
1103.34
608.21
779.59
1095.81
440.75
580.42
1065.44
299.52
432.16
1001.36
230.64
357.51
945.04
286.40
381.81
928.72
477.04
532.18
937.92
651.27
987.22
1126.81
777.63
1012.20
1182.50
730.76
823.81
1188.93
685.02
598.82
1222.20
654.25
436.21
1247.92
605.86
370.31
1216.76
621.11
440.20
1125.52
693.12
641.59
1088.13
756.77
1250.55
861.19
1007.68
1172.98
919.57
1016.38
872.95
889.46
1010.26
537.15
996.37
1010.26
339.20
1154.79
1002.97
353.11
1033.30
1010.22
648.70
853.73
1000.23
978.44
785.48
998.34
949.12
781.30
-374.64
890.99
1028.90
-370.55
754.51
1007.16
-369.34
580.37
1019.61
-368.63
482.78
936.20
-368.63
546.00
749.64
-368.63
708.35
603.32
-368.63
875.22
581.73
-368.63
1009.61
742.92
-98.65
921.31
1131.69
-102.71
742.18
1142.91
-90.42
563.21
1129.43
-94.53
466.01
1026.49
-96.20
511.12
759.07
-101.35
691.79
568.28
-96.78
872.87
502.77
-101.81
1144.07
753.85
198.72
1008.13
1012.21
175.98
842.93
1034.97
152.92
725.49
974.94
141.48
519.24
867.89
50.45
623.96
650.72
60.08
796.25
553.20
97.26
947.95
509.29
196.43
1161.26
755.55
723.77
1045.59
1075.89
474.96
864.63
1042.44
264.16
723.77
900.30
181.25
587.08
655.55
77.85
669.06
578.28
113.96
880.37
543.81
303.13
1035.30
510.88
567.63
1017.52
663.48
981.52
1026.82
1093.69
585.03
789.29
1122.95
302.76
487.62
824.34
70.74
444.39
566.02
22.43
631.13
475.81
132.38
783.15
458.10
438.33
887.88
460.14
808.48
813.70
714.01
957.18
994.34
1124.28
616.16
726.24
1184.26
324.04
420.19
942.81
92.14
309.44
684.65
49.27
457.96
524.15
171.40
567.91
513.69
490.07
710.50
505.16
826.46
838.15
925.93
767.15
991.08
1230.72
600.37
705.28
1269.85
421.65
518.32
1203.35
252.80
336.32
1035.25
186.81
289.06
869.74
256.50
345.24
836.35
509.04
446.10
723.46
705.52
1048.51
1046.74
798.15
1062.48
1274.58
726.83
781.94
1258.08
681.86
493.51
1379.97
635.72
291.40
1409.56
565.58
293.90
1177.29
633.53
361.43
939.99
692.84
552.45
888.40
758.63
1436.22
925.32
1010.08
1237.37
1065.82
1010.08
855.16
961.36
1008.97
525.58
1120.80
1030.46
242.80
1381.88
1010.08
236.72
1020.91
1010.08
681.40
782.35
1010.08
1087.73
710.97
1010.08
