943.57
832.66
-284.82
915.99
970.93
-284.82
819.82
1001.16
-284.82
700.72
992.11
-284.82
636.51
923.53
-284.82
685.50
800.14
-284.82
793.45
701.65
-284.82
895.59
696.30
-284.82
1048.51
831.90
-82.23
992.57
1008.29
-68.19
885.14
1053.62
-58.34
758.72
1040.35
-56.52
675.74
978.30
-59.89
711.97
854.56
-67.60
827.90
744.67
-83.55
942.90
723.51
-88.34
1154.34
859.42
156.86
1114.14
960.26
146.01
995.18
975.85
121.72
868.68
949.34
93.11
796.84
885.19
77.72
824.41
790.51
83.20
936.78
749.46
117.61
1060.92
762.79
148.98
1197.04
868.03
492.72
1149.64
958.87
397.12
1004.19
944.69
275.24
815.50
898.81
185.32
716.71
799.52
139.32
783.75
675.94
185.86
945.37
679.19
314.22
1087.19
740.63
436.39
1065.57
821.75
729.09
1053.79
1020.96
560.54
881.06
945.43
360.08
690.55
883.18
222.04
610.59
741.63
163.83
702.34
611.40
241.67
851.45
624.05
430.27
990.02
691.88
636.49
978.07
827.37
787.66
955.43
1037.71
628.57
756.31
986.97
443.54
588.55
917.01
311.11
540.89
787.99
263.13
592.61
683.44
334.17
711.78
671.03
524.63
883.52
699.97
734.19
1006.55
976.74
742.53
958.95
1065.81
677.71
785.54
1066.42
571.78
613.19
1026.55
478.49
514.91
940.99
427.09
512.62
871.23
469.37
609.94
853.75
606.25
797.96
876.21
725.83
1106.43
1046.58
822.83
1034.32
1081.55
798.77
831.48
1091.45
772.61
625.53
1119.03
753.81
503.78
1112.63
722.40
502.42
1054.15
732.82
635.41
985.25
778.57
860.70
977.72
817.10
1277.85
871.38
1008.83
1139.18
899.13
1013.80
851.27
894.67
1010.30
576.67
1009.41
1010.30
423.43
1103.39
1006.14
463.84
978.36
1010.28
753.43
829.41
1004.57
1066.58
792.46
1003.50
998.05
826.58
-289.55
947.33
1057.93
-287.21
826.14
1086.06
-286.52
662.58
1081.54
-286.12
561.71
958.99
-286.12
625.91
755.35
-286.12
769.29
620.18
-286.12
922.20
624.28
-286.12
1108.16
811.64
-74.91
1030.35
1108.07
-68.22
872.46
1152.79
-54.28
684.77
1125.45
-54.76
589.69
985.85
-56.28
659.03
754.70
-63.70
837.15
604.59
-79.05
1014.86
581.31
-83.95
1222.88
841.09
162.39
1089.85
1073.31
150.73
926.60
1115.18
135.47
794.34
1040.64
117.75
643.15
881.52
55.14
751.97
688.55
72.05
917.55
616.44
103.46
1061.82
612.07
166.09
1257.58
852.57
555.91
1141.74
1100.33
402.47
950.52
1085.53
260.08
770.08
985.57
163.12
643.30
738.61
74.79
741.64
595.99
123.48
966.05
600.12
294.04
1128.58
623.43
474.20
1141.13
827.22
793.00
1068.74
1140.01
543.82
856.85
1136.62
348.84
597.57
925.42
164.98
513.17
681.03
89.65
683.08
532.55
202.65
850.01
519.00
454.33
995.13
563.28
709.96
1018.88
814.78
856.87
996.64
1137.07
630.71
749.19
1185.87
429.30
509.40
1019.73
267.02
423.53
774.87
228.28
561.24
599.33
324.63
733.07
542.35
590.64
943.73
566.81
816.22
1055.77
927.42
792.06
1030.59
1156.78
674.88
749.91
1182.88
562.13
570.97
1136.50
456.22
438.23
969.89
406.37
461.62
802.20
463.66
601.92
763.94
648.40
796.18
718.04
782.54
1199.65
990.62
843.33
1121.72
1161.35
797.12
823.81
1147.80
770.69
556.28
1234.44
742.92
404.81
1221.37
696.87
450.45
1009.08
743.37
602.46
833.56
789.38
851.96
808.64
836.76
1458.69
919.91
1009.61
1251.37
1032.32
1009.61
855.16
961.36
1008.97
550.42
1112.31
1021.25
341.79
1264.00
1009.61
389.22
953.88
1009.61
787.55
748.82
1009.61
1168.53
711.84
1009.61
