990.80
891.05
-201.32
969.69
1038.70
-201.32
892.24
1088.34
-201.32
776.64
1068.72
-201.32
705.60
962.39
-201.32
751.67
814.37
-201.32
855.15
720.37
-201.32
952.55
746.85
-201.32
1141.45
902.17
-51.74
1106.51
1025.30
-35.13
1002.61
1079.59
-25.43
860.61
1050.46
-23.30
788.98
940.08
-23.76
859.93
804.65
-37.82
987.30
738.55
-64.69
1090.57
773.44
-66.10
1245.94
942.16
125.85
1188.64
1045.04
129.90
1057.24
1051.04
116.24
914.58
997.12
89.47
854.33
895.58
74.32
915.35
792.45
80.48
1054.44
781.07
103.24
1179.82
812.86
119.07
1286.24
961.31
361.11
1217.97
1049.30
329.93
1061.21
1021.70
267.75
861.86
960.38
179.26
754.08
826.06
120.31
848.53
708.28
170.17
1038.47
758.14
285.00
1202.22
820.44
344.02
1199.67
960.03
576.90
1093.31
1091.12
506.65
929.53
1034.19
400.84
755.48
948.87
289.13
665.60
780.48
220.78
783.18
649.72
291.93
953.56
676.17
443.22
1115.98
770.15
552.79
1143.87
916.11
719.73
979.22
1075.65
637.28
777.87
1063.23
538.21
646.65
967.16
451.75
626.52
813.59
413.84
712.98
707.78
465.90
875.53
675.82
603.21
1093.16
717.53
729.75
1156.90
946.68
782.40
991.08
1028.27
747.21
791.48
1037.03
702.81
645.96
987.66
657.46
597.65
880.62
623.55
667.73
797.41
652.34
838.06
778.79
735.46
1063.74
814.50
800.40
1225.64
966.34
868.04
1056.44
980.60
866.78
839.15
993.96
860.20
652.24
1015.86
853.37
571.35
977.34
838.94
634.52
891.53
844.53
830.63
844.99
864.01
1079.81
867.31
877.44
1305.15
881.57
1009.98
1105.38
878.68
1011.22
829.59
899.89
1010.35
616.19
1022.46
1010.35
507.66
1052.00
1009.31
574.58
923.42
1010.34
858.16
805.09
1008.91
1154.72
799.43
1008.65
1046.97
871.87
-204.46
1003.67
1086.96
-203.88
897.76
1164.95
-203.71
744.78
1143.46
-203.61
640.64
981.77
-203.61
705.81
761.05
-203.61
830.24
637.04
-203.61
969.18
666.83
-203.61
1206.72
880.36
-51.18
1139.38
1084.44
-33.74
1002.73
1162.66
-18.14
806.32
1121.46
-14.98
713.36
945.21
-16.36
806.95
750.34
-26.05
982.51
640.90
-61.32
1156.85
659.85
-66.09
1301.69
928.34
126.05
1171.57
1134.42
125.48
1010.27
1195.38
118.02
863.19
1106.35
94.02
767.06
895.15
59.82
879.99
726.38
84.03
1038.85
679.69
109.66
1175.69
714.86
135.76
1353.91
949.58
388.06
1237.88
1124.78
329.98
1036.41
1128.63
255.99
816.40
1070.85
144.99
699.53
821.68
71.73
814.23
613.71
133.00
1051.74
656.42
284.95
1221.85
735.98
380.78
1264.73
990.96
604.48
1110.66
1186.33
502.61
924.41
1150.30
394.92
707.53
1026.50
259.23
581.95
796.04
156.86
735.04
589.29
272.92
916.88
579.91
470.33
1102.37
666.42
611.43
1224.06
915.55
756.57
998.94
1149.87
645.27
772.13
1187.48
534.56
598.61
1096.66
441.90
537.61
865.08
407.29
664.51
674.52
477.86
898.23
571.00
691.21
1176.96
628.45
805.97
1273.39
928.91
816.97
1070.10
1082.84
749.39
794.54
1095.92
702.60
623.61
1069.66
659.64
540.15
904.52
625.92
634.18
734.65
670.81
858.59
691.53
787.76
1146.26
712.61
859.56
1350.79
934.50
888.51
1180.95
1048.12
867.41
865.68
1037.51
859.52
619.05
1088.92
850.12
518.21
1033.17
828.17
606.99
840.87
853.21
843.49
727.14
885.92
1151.48
728.87
914.90
1481.16
914.49
1009.13
1265.37
998.83
1009.13
855.16
961.36
1008.97
575.27
1103.82
1012.04
440.78
1146.12
1009.13
541.72
886.84
1009.13
893.70
715.29
1009.13
1249.34
712.71
1009.13
