959.31
852.13
-256.98
933.89
993.52
-256.98
843.96
1030.22
-256.98
726.03
1017.65
-256.98
659.54
936.49
-256.98
707.55
804.88
-256.98
814.02
707.89
-256.98
914.58
713.15
-256.98
1079.49
855.32
-72.07
1030.55
1013.96
-57.17
924.30
1062.28
-47.37
792.68
1043.72
-45.45
713.49
965.56
-47.85
761.29
837.92
-57.67
881.03
742.63
-77.27
992.13
740.15
-80.93
1184.87
887.00
146.53
1138.97
988.52
140.64
1015.87
1000.91
119.89
883.98
965.27
91.90
816.00
888.65
76.58
854.72
791.16
82.30
976.00
760.00
112.82
1100.55
779.48
139.01
1226.78
899.13
448.85
1172.42
989.02
374.72
1023.19
970.36
272.75
830.95
919.33
183.30
729.17
808.37
132.98
805.34
686.72
180.63
976.40
705.51
304.48
1125.53
767.23
405.60
1110.27
867.84
678.36
1066.96
1044.35
542.58
897.21
975.02
373.67
712.19
905.08
244.40
628.93
754.58
182.82
729.28
624.17
258.43
885.49
641.42
434.58
1032.01
717.97
608.59
1033.34
856.95
765.01
963.36
1050.35
631.47
763.49
1012.39
475.10
607.91
933.73
357.99
569.44
796.52
313.37
632.73
691.55
378.08
766.36
672.63
550.82
953.40
705.82
732.71
1056.67
966.72
755.82
969.66
1053.29
700.88
787.52
1056.62
615.46
624.11
1013.59
538.14
542.49
920.86
492.58
564.32
846.62
530.36
685.98
828.77
649.32
886.55
855.64
750.69
1146.17
1019.83
837.90
1041.70
1047.90
821.44
834.04
1058.95
801.81
634.43
1084.64
787.00
526.31
1067.53
761.24
546.45
999.94
770.06
700.49
938.50
807.05
933.74
940.92
837.21
1286.95
874.78
1009.21
1127.91
892.31
1012.94
844.05
896.41
1010.32
589.85
1013.76
1010.32
451.51
1086.26
1007.20
500.76
960.05
1010.30
788.34
821.30
1006.02
1095.96
794.78
1005.21
1014.35
841.68
-261.19
966.11
1067.61
-259.44
850.01
1112.36
-258.92
689.98
1102.18
-258.61
588.02
966.58
-258.61
652.54
757.25
-258.61
789.61
625.80
-258.61
937.86
638.46
-258.61
1141.01
834.54
-67.00
1066.69
1100.19
-56.73
915.88
1156.08
-42.23
725.29
1124.12
-41.50
630.91
972.30
-42.98
708.34
753.25
-51.15
885.61
616.70
-73.14
1062.19
607.49
-78.00
1249.15
870.17
150.28
1117.09
1093.68
142.31
954.49
1141.91
129.65
817.29
1062.54
109.84
684.46
886.06
56.70
794.65
701.16
76.04
957.98
637.52
105.53
1099.77
646.33
155.98
1289.69
884.90
499.96
1173.79
1108.48
378.31
979.15
1099.90
258.72
785.52
1014.00
157.08
662.05
766.30
73.77
765.84
601.90
126.65
994.61
618.88
291.01
1159.67
660.94
443.06
1182.33
881.80
730.16
1082.71
1155.45
530.08
879.37
1141.18
364.20
634.23
959.11
196.40
536.10
719.36
112.05
700.40
551.47
226.07
872.30
539.30
459.66
1030.88
597.66
677.11
1087.27
848.37
823.44
997.40
1141.34
635.57
756.84
1186.41
464.39
539.13
1045.38
325.31
461.55
804.94
287.95
595.66
624.40
375.70
788.12
551.90
624.17
1021.48
587.36
812.80
1128.31
927.91
800.37
1043.76
1132.14
699.72
764.79
1153.90
608.95
588.51
1114.22
524.03
472.21
948.10
479.55
519.14
779.68
532.71
687.47
739.80
694.85
912.88
716.23
808.21
1250.03
971.92
858.39
1141.46
1123.60
820.55
837.77
1111.03
800.30
577.20
1185.93
778.65
442.61
1158.63
740.64
502.63
953.01
779.98
682.81
798.09
821.56
951.80
782.05
862.81
1466.18
918.10
1009.45
1256.04
1021.16
1009.45
855.16
961.36
1008.97
558.70
1109.48
1018.18
374.78
1224.71
1009.45
440.05
931.53
1009.45
822.93
737.64
1009.45
1195.47
712.13
1009.45
