1004.10
580.29
-189.48
969.75
827.42
-189.48
897.88
1002.93
-189.48
768.49
1029.00
-189.48
663.84
879.58
-189.48
645.51
635.57
-189.48
778.98
422.12
-189.48
930.29
417.49
-189.48
1284.63
918.88
176.66
1247.77
1125.00
180.76
1115.33
1221.23
177.32
955.56
1255.65
174.05
818.06
1154.02
165.10
817.89
954.83
162.56
1001.67
769.98
162.96
1162.18
758.40
164.50
1421.75
842.33
562.88
1370.22
963.93
564.61
1232.68
960.10
507.25
1098.66
914.89
440.04
1007.69
875.45
390.73
1010.44
818.29
378.65
1171.82
693.33
427.78
1322.03
691.81
498.55
1320.87
632.73
894.21
1244.73
788.87
857.72
1119.58
812.68
694.77
1038.65
792.46
538.70
1000.94
736.35
436.97
1033.40
641.94
406.49
1143.14
475.34
543.49
1202.31
464.20
742.48
952.36
353.47
961.69
993.19
602.76
902.10
931.50
727.57
675.83
886.44
749.58
471.16
858.39
686.68
324.33
931.56
471.46
268.56
920.76
333.30
473.28
903.33
264.47
749.67
533.42
355.47
722.73
672.24
609.46
710.99
755.32
745.61
542.83
729.26
765.83
360.51
685.56
676.96
189.73
682.07
309.72
115.01
600.33
187.56
285.39
600.40
250.30
529.66
456.44
617.30
536.71
615.79
764.73
566.84
699.43
864.74
507.86
658.16
866.33
398.54
516.79
897.59
281.66
347.35
842.26
201.67
228.63
629.57
250.48
302.81
602.33
409.90
502.25
825.39
683.70
639.63
985.35
689.32
626.12
1089.90
684.10
518.09
1135.01
658.90
378.79
1098.34
616.63
242.87
962.56
563.70
193.01
758.21
557.52
310.10
730.75
641.48
1067.14
859.61
1008.76
1030.99
924.42
1010.00
836.00
938.25
1009.13
612.44
1035.30
1009.13
430.02
1044.24
1008.09
372.11
787.42
1009.12
656.16
686.73
1007.69
886.44
766.62
1007.42
1103.21
561.13
-190.34
1025.08
844.38
-189.75
918.60
1021.05
-189.58
713.72
1053.34
-189.48
564.44
902.20
-189.48
550.67
637.28
-189.48
768.37
391.28
-189.48
1002.79
378.26
-189.48
1383.36
893.75
181.67
1334.77
1205.63
183.68
1137.79
1338.79
178.54
908.35
1399.74
175.04
711.17
1237.75
163.55
717.94
926.16
159.62
992.05
667.54
160.79
1217.59
647.68
162.54
1519.44
849.51
598.28
1428.65
1041.41
603.67
1227.48
1022.75
525.52
1045.64
925.50
437.29
908.23
856.03
358.97
912.82
796.26
341.41
1154.92
627.12
403.34
1372.93
607.58
505.40
1405.28
626.59
1001.75
1264.33
876.32
946.72
1095.13
893.01
718.45
1001.57
842.96
505.62
943.11
730.05
355.81
987.14
629.81
303.03
1160.23
388.31
496.20
1227.01
363.03
778.73
977.66
259.45
1110.63
1021.12
635.98
1021.96
922.61
849.11
704.17
860.90
835.20
416.13
809.27
755.69
214.52
961.17
457.25
127.42
927.39
269.81
423.56
890.40
130.47
805.07
496.91
259.10
830.29
687.17
630.19
777.07
834.31
859.61
598.58
751.33
873.71
329.11
625.64
802.46
96.31
618.17
223.39
-14.15
540.31
50.50
235.95
583.52
92.47
560.38
413.60
536.35
590.62
646.72
805.98
626.74
757.52
953.69
552.09
703.69
910.17
407.61
514.01
985.67
246.57
298.13
911.67
132.69
139.88
569.03
193.63
224.59
510.11
403.02
511.52
754.61
697.89
715.64
1017.06
701.34
695.97
1172.08
700.24
542.64
1244.80
667.48
353.60
1180.09
611.26
182.95
955.88
542.96
94.01
648.04
524.27
244.37
608.33
646.87
1221.12
866.84
1009.13
1133.78
968.76
1009.13
855.16
961.36
1008.97
563.23
1111.61
1012.04
307.82
1144.60
1009.13
214.12
731.01
1009.13
649.70
607.03
1009.13
959.96
722.11
1009.13
