1021.74
555.36
-159.96
987.66
819.82
-159.96
922.83
1019.79
-159.96
792.63
1048.87
-159.96
680.90
880.70
-159.96
652.40
614.77
-159.96
788.67
385.75
-159.96
946.10
387.29
-159.96
1336.07
944.69
219.45
1305.93
1144.92
222.63
1170.59
1250.12
217.25
1003.09
1288.33
213.31
859.96
1171.85
204.12
861.20
959.65
201.11
1056.86
772.43
201.76
1221.63
772.90
204.85
1477.40
855.65
614.98
1420.99
980.60
621.34
1278.43
972.17
561.29
1140.26
919.07
488.91
1048.76
876.04
434.80
1054.34
822.62
420.33
1227.80
691.33
469.35
1381.98
691.21
542.79
1355.55
616.89
926.50
1271.33
781.81
910.72
1146.93
808.50
753.27
1079.36
788.99
588.03
1048.66
732.39
475.87
1081.40
643.24
435.02
1189.12
461.26
570.68
1240.66
439.92
768.61
961.73
312.91
965.93
992.06
556.38
940.64
947.94
713.35
728.70
926.79
743.00
519.53
904.27
686.23
358.10
979.71
458.77
281.98
950.11
301.69
481.89
914.94
218.32
749.90
501.48
304.96
700.52
636.31
555.50
724.43
759.29
725.66
575.05
760.43
753.79
394.36
722.54
665.98
207.96
717.78
260.96
108.80
615.60
119.40
266.18
599.89
189.40
499.59
406.48
560.23
514.90
572.89
714.57
564.24
688.26
830.33
523.69
670.83
836.03
421.21
532.82
879.89
298.30
353.28
824.06
198.28
217.62
583.27
224.26
282.70
551.45
378.97
438.64
778.51
672.43
587.45
952.38
686.64
598.24
1071.11
688.14
507.83
1117.64
664.31
373.80
1070.53
623.72
230.95
918.50
560.82
167.00
699.06
542.21
273.18
674.44
627.88
1042.24
859.86
1008.97
1009.10
924.14
1008.97
829.69
945.47
1008.97
625.07
1041.48
1008.97
447.01
1025.99
1008.97
380.10
749.68
1008.97
662.21
661.71
1008.97
877.49
764.25
1008.97
1127.56
531.83
-159.96
1046.91
819.40
-159.96
945.45
1026.80
-159.96
736.69
1061.11
-159.96
579.87
898.42
-159.96
555.15
621.50
-159.96
779.84
361.79
-159.96
1023.25
351.22
-159.96
1441.45
918.57
222.85
1399.03
1215.07
226.23
1200.51
1367.24
218.68
963.45
1438.16
215.44
752.08
1266.00
202.56
754.53
949.82
198.70
1041.87
683.45
198.43
1273.60
672.12
201.15
1576.82
867.34
653.63
1492.62
1048.49
663.57
1286.39
1024.83
577.92
1094.66
921.56
478.42
969.70
854.99
403.27
960.18
818.86
382.17
1211.94
640.69
447.37
1439.07
626.52
548.09
1444.73
612.79
1033.46
1300.15
848.98
1010.66
1132.15
873.71
783.16
1043.46
838.83
551.09
996.65
744.64
395.37
1036.04
638.01
330.49
1204.29
368.77
523.35
1258.84
347.27
804.44
977.85
209.53
1120.10
1022.30
572.79
1082.41
944.87
810.64
763.71
919.46
841.57
469.96
864.67
788.27
245.16
1010.79
457.30
130.06
951.18
245.81
422.21
895.87
88.28
799.90
461.43
198.91
807.39
643.40
560.22
800.76
850.84
813.31
642.81
802.89
867.51
371.29
676.24
823.59
111.55
645.98
184.01
-33.35
544.23
-14.31
204.44
576.49
36.45
521.88
363.32
480.77
566.58
599.41
741.78
634.06
767.11
904.38
577.42
732.68
865.10
439.41
544.25
975.48
265.56
307.65
914.44
124.87
122.76
527.40
155.21
209.62
479.38
363.47
442.01
710.21
685.72
668.91
974.88
701.04
685.69
1154.55
707.09
552.65
1218.56
677.13
367.89
1138.35
624.04
174.56
916.24
535.26
67.28
601.27
504.79
214.63
564.53
634.62
1191.46
858.23
1008.97
1119.65
953.30
1008.97
855.16
961.36
1008.97
569.79
1109.89
1008.97
321.82
1105.09
1008.97
218.15
686.40
1008.97
650.22
580.39
1008.97
945.55
723.74
1008.97
