928.57
837.73
-65.69
906.92
910.76
-65.62
860.49
936.37
-65.62
795.85
930.05
-65.62
760.08
867.01
-65.62
789.98
790.58
-65.62
848.90
750.26
-65.62
905.50
763.81
-65.62
1026.35
824.86
61.46
977.23
910.05
68.91
881.79
935.98
72.48
765.27
928.76
73.32
720.18
835.66
73.51
794.11
749.82
67.45
900.15
723.67
56.00
991.32
728.45
55.94
1099.41
853.50
179.98
1045.70
983.36
182.31
902.83
1001.17
178.57
765.09
936.94
168.75
689.35
815.84
163.11
776.51
740.07
165.50
909.14
703.08
172.58
1047.82
710.80
176.52
1121.02
818.35
340.26
1052.73
947.12
336.78
902.66
929.54
320.91
743.49
875.30
287.91
626.93
770.98
264.19
718.04
642.44
283.30
901.39
648.29
324.67
1069.42
662.15
338.92
1118.98
750.65
507.11
1004.15
874.31
492.49
847.59
874.54
464.65
685.94
833.48
426.05
615.69
697.01
399.15
728.62
581.39
425.00
887.07
552.83
477.07
1047.79
591.22
506.06
1189.53
736.47
656.60
1014.57
851.42
634.83
819.91
889.16
608.44
650.76
850.68
581.76
596.94
689.93
568.81
706.09
542.73
585.95
896.82
524.00
630.80
1101.72
549.95
667.86
1233.84
746.02
782.53
1045.02
873.34
773.42
833.21
888.23
764.44
637.61
895.90
753.43
558.62
733.97
742.90
669.02
585.53
752.01
887.75
554.83
776.46
1113.37
580.99
794.00
1276.90
757.07
888.39
1104.55
854.00
889.81
882.49
886.35
889.83
700.38
847.05
888.76
579.80
767.61
885.48
709.90
643.42
886.97
919.69
613.00
891.00
1156.07
612.20
892.85
1243.49
834.62
1006.82
1103.72
859.82
1007.68
857.44
891.45
1003.62
685.96
955.79
1011.06
653.12
892.67
1012.02
747.63
756.28
1013.54
978.30
690.58
1009.49
1153.02
719.63
1009.48
988.98
827.76
-66.67
935.08
947.83
-66.60
843.93
998.31
-66.60
733.50
979.71
-66.60
679.19
864.29
-66.60
727.63
738.73
-66.60
822.32
690.56
-66.60
924.01
710.46
-66.60
1097.83
808.59
60.83
1019.17
964.15
69.61
875.53
1024.36
75.62
704.41
982.72
77.26
627.15
827.58
76.76
723.78
693.35
72.84
880.47
614.87
57.13
1042.38
633.65
55.40
1155.46
840.02
179.39
1065.33
1027.38
179.51
883.21
1080.80
177.74
714.10
999.57
167.95
629.00
807.85
158.68
730.47
660.67
168.67
907.33
613.23
177.56
1078.00
645.91
182.73
1186.67
805.67
345.83
1114.56
991.03
336.14
903.15
1035.82
316.93
690.57
964.70
273.55
575.24
753.88
247.96
698.95
562.53
272.51
915.34
550.30
327.16
1112.04
595.07
352.57
1211.16
771.16
512.91
1040.29
928.83
492.55
853.35
951.90
463.10
648.08
903.49
418.23
538.64
715.74
376.47
679.81
524.33
420.37
872.98
477.26
487.62
1080.63
529.37
526.20
1264.41
732.25
666.37
1049.31
914.56
638.55
815.07
960.14
608.39
611.02
935.48
582.34
523.23
720.92
569.88
654.62
519.17
593.12
895.01
433.73
666.55
1155.21
488.20
695.72
1315.00
748.85
793.62
1095.38
922.00
774.87
827.97
941.68
765.55
603.42
949.75
757.30
501.70
738.94
746.68
636.67
528.93
761.96
901.02
471.95
797.34
1182.75
528.40
816.50
1360.40
752.44
896.07
1165.70
920.24
890.33
885.58
949.62
889.73
650.92
944.20
888.50
528.29
783.84
883.28
648.03
576.55
889.99
909.67
501.57
900.60
1201.13
532.66
909.12
1363.06
796.06
1009.16
1186.15
936.96
1008.96
855.16
961.36
1008.97
563.69
1019.10
1008.97
545.25
896.56
1008.97
630.19
645.51
1008.97
907.24
559.95
1008.97
1197.77
567.63
1008.96
