975.35
881.40
-130.37
955.32
1001.08
-130.35
894.03
1044.98
-130.35
799.51
1028.58
-130.35
741.21
932.01
-130.35
780.23
807.70
-130.35
864.99
736.07
-130.35
945.12
763.74
-130.35
1114.00
885.30
-0.37
1077.59
982.60
13.10
977.78
1027.34
20.32
842.85
1003.80
22.00
784.11
890.67
22.37
863.19
772.74
10.24
984.32
731.37
-12.64
1080.40
765.43
-12.83
1205.65
923.25
141.30
1146.36
1037.32
147.64
1007.89
1046.13
140.08
863.96
982.60
120.45
799.84
865.76
109.15
878.00
771.89
113.95
1019.85
756.20
128.11
1150.80
782.05
136.07
1237.99
922.78
326.45
1165.54
1026.52
319.23
1009.19
1000.24
287.52
823.78
938.66
221.51
710.70
809.34
174.06
809.29
688.41
212.28
1002.26
730.00
295.03
1172.11
773.09
323.50
1194.21
903.93
518.54
1065.55
1018.43
490.21
906.45
988.08
434.51
740.65
915.86
357.32
656.64
754.86
303.52
777.52
630.05
355.21
947.38
637.26
459.35
1113.90
714.23
517.36
1195.29
862.00
680.90
998.12
993.54
638.05
799.00
1008.85
585.24
659.92
930.60
531.88
631.81
769.24
505.97
734.30
646.63
540.27
916.79
616.05
629.96
1138.51
654.01
704.11
1217.74
860.41
790.42
1019.09
958.79
771.59
809.36
971.63
753.67
649.17
943.18
731.64
598.59
809.88
710.58
699.26
697.90
728.80
903.56
674.21
777.71
1136.75
708.75
812.75
1269.98
866.58
885.22
1080.11
909.77
889.59
858.02
931.42
889.57
676.84
927.70
887.44
588.25
866.39
880.86
691.09
759.76
883.85
905.30
724.14
891.90
1154.14
743.19
895.67
1285.95
864.83
1008.94
1097.95
867.05
1009.29
836.40
897.55
1007.66
652.01
998.40
1010.64
582.69
977.99
1011.02
665.95
845.58
1011.63
927.16
754.42
1010.01
1171.67
768.91
1010.01
1033.56
863.28
-132.33
987.50
1037.11
-132.30
890.55
1114.08
-132.30
756.71
1090.35
-132.30
671.84
939.34
-132.30
730.52
753.26
-132.30
839.26
661.82
-132.30
960.50
692.79
-132.30
1182.87
865.39
-1.63
1113.10
1031.60
14.50
977.90
1109.32
26.59
789.87
1065.17
29.87
703.61
890.03
28.87
803.26
726.67
21.04
970.77
637.75
-10.39
1139.46
665.08
-13.92
1258.96
910.46
140.12
1145.42
1103.82
142.04
976.18
1165.59
138.42
817.32
1076.78
118.85
736.62
862.96
100.31
845.79
707.66
120.28
1010.50
665.75
138.06
1159.39
707.84
148.48
1306.28
911.42
337.60
1207.78
1076.17
317.95
1000.28
1100.12
279.55
775.34
1045.44
192.79
661.06
811.17
141.61
782.63
596.78
190.71
1014.32
625.23
300.02
1196.58
702.13
350.81
1268.02
935.79
530.14
1090.90
1092.60
490.34
909.50
1073.67
431.41
705.74
997.51
341.68
578.38
786.92
258.15
723.34
574.66
345.95
912.69
551.03
480.45
1115.12
632.22
557.63
1281.23
862.38
700.43
1019.54
1058.30
645.50
793.90
1096.86
585.15
621.42
1047.58
533.05
554.68
825.46
508.13
681.21
627.42
554.61
929.97
521.82
701.46
1214.90
584.68
759.82
1333.56
857.18
812.61
1088.12
1003.72
774.48
816.84
1016.83
755.88
626.06
1008.32
739.39
545.15
825.21
718.14
669.69
638.85
748.70
926.90
589.21
819.46
1230.88
637.84
857.74
1384.86
850.46
900.57
1186.70
974.32
890.64
882.02
980.30
889.37
644.35
1001.92
886.91
544.92
895.80
876.47
654.72
701.50
889.89
918.17
615.63
911.09
1231.24
634.44
928.22
1438.41
866.04
1009.05
1236.49
967.38
1008.96
855.16
961.36
1008.97
575.61
1068.23
1008.97
502.36
1022.72
1008.97
607.61
776.90
1008.97
920.35
646.45
1008.97
1244.87
654.85
1008.96
