912.98
823.18
-44.13
890.78
880.65
-44.05
849.32
900.16
-44.05
794.63
897.21
-44.05
766.37
845.34
-44.05
793.24
784.87
-44.05
843.54
754.99
-44.05
892.30
763.83
-44.05
997.14
804.71
82.07
943.78
885.86
87.51
849.79
905.52
89.87
739.41
903.74
90.43
698.87
817.33
90.55
771.08
742.18
86.51
872.10
721.11
78.88
961.62
716.12
78.87
1064.00
830.25
192.87
1012.14
965.37
193.86
867.81
986.19
191.40
732.13
921.72
184.86
652.53
799.19
181.09
742.68
729.47
182.69
872.23
685.38
187.41
1013.49
687.05
190.01
1082.02
783.53
344.86
1015.13
920.65
342.63
867.15
905.97
332.05
716.73
854.18
310.04
599.01
758.20
294.23
687.62
627.11
306.97
867.77
621.06
334.55
1035.19
625.18
344.06
1093.90
699.56
503.30
983.68
826.27
493.24
827.97
836.69
474.70
667.70
806.02
448.97
602.04
677.72
431.03
712.32
565.17
448.26
866.97
524.69
482.98
1025.75
550.22
502.29
1187.60
694.63
648.51
1020.05
804.04
633.76
826.89
849.26
616.17
647.71
824.04
598.38
585.32
663.49
589.75
696.69
508.10
601.18
890.16
493.31
631.08
1089.46
515.26
655.78
1239.21
707.89
779.90
1053.67
844.85
774.03
841.16
860.42
768.04
633.76
880.14
760.69
545.30
708.66
753.67
658.93
548.07
759.75
882.48
515.04
776.05
1105.58
538.40
787.75
1279.20
720.56
889.45
1112.69
835.41
889.88
890.65
871.33
889.92
708.23
820.17
889.21
576.99
734.68
887.02
716.17
604.63
888.01
924.49
575.96
890.70
1156.71
568.54
891.91
1229.34
824.55
1006.11
1105.64
857.41
1007.14
864.46
889.41
1002.27
697.28
941.59
1011.20
676.59
864.23
1012.35
774.86
726.52
1014.17
995.35
669.30
1009.32
1146.81
703.20
1009.31
974.12
815.92
-44.78
917.61
918.07
-44.70
828.38
959.73
-44.70
725.77
942.83
-44.70
681.63
839.28
-44.70
726.66
733.88
-44.70
816.67
700.14
-44.70
911.84
716.35
-44.70
1069.48
789.65
81.65
987.86
941.67
87.98
841.40
996.05
91.96
675.92
955.24
93.06
601.66
806.76
92.72
697.29
682.24
90.11
850.37
607.24
79.63
1010.03
623.17
78.51
1120.96
816.54
192.48
1038.63
1001.90
192.00
852.23
1052.54
190.85
679.69
973.83
184.32
593.13
789.48
178.14
692.04
645.00
184.80
872.94
595.72
190.73
1050.88
625.27
194.14
1146.80
770.42
348.58
1083.49
962.66
342.20
870.78
1014.38
329.39
662.32
937.78
300.47
546.64
734.78
283.41
671.06
551.11
299.78
882.35
525.33
336.21
1083.86
559.39
353.16
1192.21
716.29
507.16
1023.42
874.24
493.29
834.63
911.31
473.66
628.85
872.15
443.75
525.40
692.01
415.91
665.30
507.56
445.18
859.75
452.68
490.01
1069.13
495.08
515.72
1258.80
688.87
655.02
1059.23
866.64
636.24
822.13
914.56
616.14
607.56
898.12
598.77
512.74
686.08
590.47
645.75
483.08
605.96
883.35
404.36
654.91
1135.31
456.04
674.35
1308.81
712.74
787.29
1097.81
894.76
774.99
831.68
916.63
768.77
595.88
930.22
763.28
487.22
710.18
756.19
625.66
492.28
766.38
892.40
432.86
789.97
1166.71
491.92
802.75
1352.24
719.77
894.56
1158.70
902.22
890.23
886.77
939.40
889.85
653.11
924.96
889.03
522.74
746.52
885.55
645.80
534.90
890.02
906.83
463.55
897.10
1191.09
498.74
902.76
1337.94
772.74
1009.20
1169.38
926.82
1008.96
855.16
961.36
1008.97
559.72
1002.72
1008.97
559.54
854.51
1008.97
637.72
601.71
1008.97
902.87
531.11
1008.97
1182.07
538.56
1008.96
