951.17
655.08
-278.05
916.03
850.19
-278.05
823.04
952.35
-278.05
696.07
969.42
-278.05
612.64
876.21
-278.05
624.84
697.98
-278.05
749.93
531.22
-278.05
882.87
508.10
-278.05
1130.33
841.45
48.29
1073.29
1065.26
55.18
949.55
1134.56
57.51
812.98
1157.60
56.25
692.36
1100.55
48.03
687.95
940.37
46.90
836.11
762.63
46.53
983.82
714.92
43.42
1254.80
802.37
406.60
1217.90
913.92
394.42
1095.44
923.88
345.16
973.87
902.36
293.44
884.47
873.68
258.52
878.75
805.28
253.58
1003.85
699.31
303.06
1142.18
693.62
365.82
1216.83
680.27
797.34
1164.94
810.06
698.72
1037.54
825.25
519.25
916.52
802.86
390.71
857.77
748.26
320.26
889.40
638.02
320.90
1005.18
517.58
461.93
1087.23
537.06
664.08
924.25
475.14
948.97
996.58
741.90
786.51
882.19
770.21
517.22
765.38
769.29
326.06
720.76
688.03
223.01
787.13
509.54
228.32
832.71
428.12
447.44
868.51
402.92
749.00
629.24
507.01
789.37
780.02
771.31
670.69
743.43
805.48
446.18
635.75
801.96
258.98
574.63
709.92
135.06
574.95
455.97
133.66
554.53
392.03
343.01
601.95
432.98
619.86
606.29
788.52
602.14
744.49
915.21
574.64
732.94
967.97
460.38
620.17
957.22
330.53
468.70
950.68
231.73
329.54
896.85
211.84
261.69
768.49
329.11
363.14
754.97
502.69
693.06
966.03
717.50
796.14
1084.26
697.36
709.75
1146.27
671.98
548.87
1187.11
642.68
393.74
1181.77
595.37
278.61
1094.73
572.35
271.06
935.67
603.42
420.87
899.69
682.27
1141.85
858.83
1008.13
1096.67
925.27
1013.11
854.94
916.59
1009.61
574.52
1016.75
1009.61
379.07
1098.96
1005.44
348.15
900.65
1009.58
638.00
761.78
1003.87
913.28
773.70
1002.80
1030.19
649.02
-281.48
959.56
919.31
-279.14
838.04
1003.83
-278.45
644.83
1030.04
-278.05
518.17
913.51
-278.05
537.26
684.62
-278.05
733.94
479.75
-278.05
941.40
459.38
-278.05
1209.10
819.29
58.15
1142.00
1177.32
56.02
949.63
1253.43
58.11
743.07
1284.46
53.83
588.43
1153.02
46.53
608.17
855.17
42.40
842.60
619.81
47.87
1049.57
574.35
46.70
1347.31
796.05
432.23
1236.75
1020.17
423.98
1050.72
1016.53
368.33
898.60
937.30
313.91
723.82
859.17
226.08
770.74
728.49
219.13
983.88
586.40
271.28
1174.53
550.77
377.32
1286.94
668.00
906.59
1156.85
958.36
754.89
984.08
950.89
524.34
875.89
855.35
369.19
782.49
686.25
237.12
840.45
605.19
220.64
1028.05
446.91
414.75
1131.52
410.31
701.61
977.09
409.21
1082.23
1017.57
825.52
840.59
855.82
964.52
525.55
685.21
816.11
254.64
643.07
657.98
122.59
812.30
457.10
119.51
856.02
341.80
427.60
874.00
257.02
820.61
603.37
439.67
899.00
818.49
840.11
706.03
784.72
998.52
465.88
596.67
892.33
202.57
473.83
739.08
50.58
534.76
341.55
43.48
528.54
244.92
330.49
604.62
260.53
675.88
564.46
703.10
662.72
788.66
998.57
604.80
728.75
1101.61
476.12
616.73
1045.37
312.20
423.30
1016.26
189.59
269.59
903.35
156.16
191.22
693.94
308.89
269.51
602.32
521.66
720.07
887.83
734.40
855.82
1143.60
702.22
726.83
1224.69
679.67
512.62
1323.52
638.55
310.75
1305.32
572.92
208.14
1074.80
566.09
174.19
788.36
582.73
333.62
739.76
683.60
1310.09
892.68
1009.61
1176.18
1015.14
1009.61
855.16
961.36
1008.97
543.55
1116.76
1021.25
265.81
1263.13
1009.61
202.02
864.83
1009.61
648.12
686.96
1009.61
1003.18
717.21
1009.61
